-0.56194973 -1.0
0.12573461 1.0
-0.23701201 -1.0
-0.50335777 1.0
-0.48949614 -1.0
-0.53634447 1.0
-0.3181242 -1.0
0.11789534 1.0
-0.56194973 -1.0
-0.27366763 1.0
0.056200586 -1.0
0.032935504 1.0
0.32606798 -1.0
-0.48533353 1.0
-0.14031757 -1.0
-0.040932298 1.0
-0.11437576 -1.0
-0.24070819 1.0
-0.45314276 -1.0
0.29375902 1.0
-0.33993858 -1.0
-0.42660728 1.0
-0.48809615 -1.0
0.23206177 1.0
-0.26434153 -1.0
-0.68239224 1.0
-0.4568877 -1.0
0.41025147 1.0
-0.16630557 -1.0
-0.2595953 1.0
-0.14090909 -1.0
0.2985717 1.0
-0.56194973 -1.0
0.72429997 1.0
-0.56194973 -1.0
0.9756335 1.0
-0.7287629 -1.0
0.89357555 1.0
-0.56194973 -1.0
0.9485834 1.0
-0.56194973 -1.0
0.9580731 1.0
-0.56194973 -1.0
0.9333121 1.0
-0.56194973 -1.0
0.9407646 1.0
-0.56194973 -1.0
0.9327294 1.0
-0.56194973 -1.0
0.91373014 1.0
-0.56194973 -1.0
0.98188084 1.0
-0.56194973 -1.0
0.9517351 1.0
-0.56194973 -1.0
0.9767256 1.0
-0.56194973 -1.0
0.90986526 1.0
-0.56194973 -1.0
0.8557646 1.0
-0.56194973 -1.0
0.19400871 1.0
0.025864433 -1.0
-0.66350114 1.0
0.07407293 -1.0
-0.89149547 1.0
-0.56194973 -1.0
0.21886058 1.0
-0.56194973 -1.0
-0.28944036 1.0
-0.56194973 -1.0
0.75880885 1.0
-0.56194973 -1.0
0.98169494 1.0
-0.99911284 -1.0
0.98972917 1.0
-0.9995698 -1.0
0.9941146 1.0
-0.99615926 -1.0
0.985981 1.0
-0.98695815 -1.0
0.988847 1.0
-0.99047494 -1.0
0.99455166 1.0
-0.9980606 -1.0
0.99637336 1.0
-0.99121815 -1.0
0.9928621 1.0
-0.964938 -1.0
0.995313 1.0
-0.9833727 -1.0
0.9965642 1.0
-0.99613804 -1.0
0.99643046 1.0
-0.97467506 -1.0
0.98761016 1.0
-0.9915591 -1.0
0.9827606 1.0
-0.99876237 -1.0
0.9904891 1.0
-0.9967627 -1.0
0.9913282 1.0
-0.9864724 -1.0
0.9857895 1.0
-0.56194973 -1.0
0.98077095 1.0
-0.8252667 -1.0
0.9901981 1.0
-0.6423414 -1.0
0.98551077 1.0
-0.56194973 -1.0
0.9732954 1.0
-0.64158726 -1.0
0.99137604 1.0
-0.81259143 -1.0
0.9943139 1.0
-0.83999306 -1.0
0.9935735 1.0
-0.56194973 -1.0
0.98354244 1.0
-0.56194973 -1.0
0.98362523 1.0
-0.56194973 -1.0
0.98810303 1.0
-0.56194973 -1.0
0.9899935 1.0
-0.56194973 -1.0
0.97253513 1.0
-0.56194973 -1.0
0.9801169 1.0
-0.56194973 -1.0
0.9097664 1.0
-0.56194973 -1.0
0.87975883 1.0
-0.56194973 -1.0
0.8398759 1.0
-0.56194973 -1.0
0.8743427 1.0
-0.56194973 -1.0
0.65281314 1.0
-0.56194973 -1.0
0.14913258 1.0
-0.4122902 -1.0
0.09921701 1.0
-0.56194973 -1.0
0.974541 1.0
-0.56194973 -1.0
0.95179623 1.0
-0.56194973 -1.0
0.92131823 1.0
-0.56194973 -1.0
0.9144383 1.0
-0.56194973 -1.0
0.9876049 1.0
-0.57938194 -1.0
0.99518955 1.0
-0.6591333 -1.0
0.9955283 1.0
-0.56194973 -1.0
0.99304605 1.0
-0.9682998 -1.0
0.99870723 1.0
-0.99310625 -1.0
0.999247 1.0
-0.9971215 -1.0
0.99916834 1.0
-0.99522454 -1.0
0.9968686 1.0
-0.9964102 -1.0
0.99622315 1.0
-0.9988724 -1.0
0.9975951 1.0
-0.9975678 -1.0
0.9974672 1.0
-0.9896427 -1.0
0.9970761 1.0
-0.99996865 -1.0
0.99867076 1.0
-0.9999956 -1.0
0.9993577 1.0
-0.9999921 -1.0
0.99910504 1.0
-0.9998948 -1.0
0.9979592 1.0
-0.9999988 -1.0
0.99921834 1.0
-1.0 -1.0
0.9995292 1.0
-0.99999946 -1.0
0.9995149 1.0
-0.99999666 -1.0
0.99845743 1.0
-1.0 -1.0
0.99969107 1.0
-1.0 -1.0
0.99980474 1.0
-0.99999875 -1.0
0.99964446 1.0
-0.99999636 -1.0
0.99878377 1.0
-0.99995685 -1.0
0.9990808 1.0
-0.99997634 -1.0
0.99937034 1.0
-0.99998224 -1.0
0.9994128 1.0
-0.99992365 -1.0
0.9979679 1.0
-0.9999985 -1.0
0.9994712 1.0
-1.0 -1.0
0.99973786 1.0
-0.9999995 -1.0
0.99963975 1.0
-0.9999979 -1.0
0.9989782 1.0
-1.0 -1.0
0.9996722 1.0
-1.0 -1.0
0.9997753 1.0
-1.0 -1.0
0.99966645 1.0
-1.0 -1.0
0.99947184 1.0
-1.0 -1.0
0.9999636 1.0
-1.0 -1.0
0.99998355 1.0
-1.0 -1.0
0.99997723 1.0
-1.0 -1.0
0.9999597 1.0
-1.0 -1.0
0.9999985 1.0
-1.0 -1.0
0.99999917 1.0
-1.0 -1.0
0.99999803 1.0
-1.0 -1.0
0.99998885 1.0
-1.0 -1.0
0.9999994 1.0
-1.0 -1.0
0.9999997 1.0
-1.0 -1.0
0.9999993 1.0
-1.0 -1.0
0.99999946 1.0
-1.0 -1.0
0.9999995 1.0
-1.0 -1.0
1.0 1.0
-1.0 -1.0
0.99999964 1.0
-1.0 -1.0
0.99999857 1.0
-1.0 -1.0
1.0 1.0
-1.0 -1.0
1.0 1.0
-1.0 -1.0
1.0 1.0
-1.0 -1.0
1.0 1.0
-1.0 -1.0
1.0 1.0
-1.0 -1.0
1.0 1.0
-1.0 -1.0
1.0 1.0
-1.0 -1.0
1.0 1.0
-1.0 -1.0
1.0 1.0
-1.0 -1.0
1.0 1.0
-1.0 -1.0
1.0 1.0
-1.0 -1.0
1.0 1.0
-1.0 -1.0
1.0 1.0
-1.0 -1.0
1.0 1.0
-1.0 -1.0
1.0 1.0
-1.0 -1.0
1.0 1.0
-1.0 -1.0
0.9999991 1.0
-1.0 -1.0
0.99999964 1.0
-1.0 -1.0
0.9999986 1.0
-1.0 -1.0
0.99999833 1.0
-1.0 -1.0
0.9999981 1.0
-1.0 -1.0
0.9999985 1.0
-1.0 -1.0
0.9999984 1.0
-1.0 -1.0
0.99999774 1.0
-1.0 -1.0
0.9999982 1.0
-1.0 -1.0
0.9999976 1.0
-1.0 -1.0
0.9999975 1.0
-1.0 -1.0
0.9999945 1.0
-1.0 -1.0
0.9999953 1.0
-1.0 -1.0
0.9999977 1.0
-1.0 -1.0
0.9999933 1.0
-1.0 -1.0
0.9999865 1.0
-1.0 -1.0
0.9999931 1.0
-1.0 -1.0
0.99999684 1.0
-1.0 -1.0
0.9999898 1.0
-1.0 -1.0
0.9999828 1.0
-1.0 -1.0
0.9999947 1.0
-1.0 -1.0
0.9999938 1.0
-1.0 -1.0
0.99999017 1.0
-1.0 -1.0
0.9999829 1.0
-1.0 -1.0
0.9999943 1.0
-1.0 -1.0
0.9999961 1.0
-1.0 -1.0
0.99999535 1.0
-1.0 -1.0
0.9999823 1.0
-1.0 -1.0
0.9999967 1.0
-1.0 -1.0
0.99999917 1.0
-1.0 -1.0
0.9999949 1.0
-1.0 -1.0
0.99999183 1.0
-1.0 -1.0
1.0 1.0
-1.0 -1.0
1.0 1.0
-1.0 -1.0
1.0 1.0
-1.0 -1.0
0.99999934 1.0
-1.0 -1.0
1.0 1.0
-1.0 -1.0
1.0 1.0
-1.0 -1.0
1.0 1.0
-1.0 -1.0
1.0 1.0
-1.0 -1.0
1.0 1.0
-1.0 -1.0
1.0 1.0
-1.0 -1.0
1.0 1.0
-1.0 -1.0
1.0 1.0
-1.0 -1.0
1.0 1.0
-1.0 -1.0
1.0 1.0
-1.0 -1.0
1.0 1.0
-1.0 -1.0
1.0 1.0
-1.0 -1.0
1.0 1.0
-1.0 -1.0
1.0 1.0
-1.0 -1.0
1.0 1.0
-1.0 -1.0
1.0 1.0
-1.0 -1.0
1.0 1.0
-1.0 -1.0
1.0 1.0
-1.0 -1.0
1.0 1.0
-1.0 -1.0
1.0 1.0
-1.0 -1.0
1.0 1.0
-1.0 -1.0
1.0 1.0
-1.0 -1.0
0.99999803 1.0
-1.0 -1.0
0.99999803 1.0
-1.0 -1.0
0.9999829 1.0
-1.0 -1.0
0.99998665 1.0
-1.0 -1.0
0.99998635 1.0
-1.0 -1.0
0.9999467 1.0
-1.0 -1.0
0.9999519 1.0
-1.0 -1.0
0.99997205 1.0
-1.0 -1.0
0.999961 1.0
-1.0 -1.0
0.99986863 1.0
-1.0 -1.0
0.9999665 1.0
-1.0 -1.0
0.9999912 1.0
-1.0 -1.0
0.99997586 1.0
-1.0 -1.0
0.9999538 1.0
-1.0 -1.0
0.9999748 1.0
-1.0 -1.0
0.9999811 1.0
-1.0 -1.0
0.9999777 1.0
-1.0 -1.0
0.99996775 1.0
-1.0 -1.0
0.9999988 1.0
-1.0 -1.0
0.9999995 1.0
-1.0 -1.0
0.9999989 1.0
-1.0 -1.0
0.99999714 1.0
-1.0 -1.0
0.99999905 1.0
-1.0 -1.0
0.999999 1.0
-1.0 -1.0
0.99999845 1.0
-1.0 -1.0
0.9999973 1.0
-1.0 -1.0
0.9999994 1.0
-1.0 -1.0
1.0 1.0
-1.0 -1.0
0.9999995 1.0
-1.0 -1.0
0.9999956 1.0
-1.0 -1.0
1.0 1.0
-1.0 -1.0
1.0 1.0
-1.0 -1.0
1.0 1.0
-1.0 -1.0
0.99999964 1.0
-1.0 -1.0
0.9999998 1.0
-1.0 -1.0
1.0 1.0
-1.0 -1.0
0.9999984 1.0
-1.0 -1.0
0.99999726 1.0
-1.0 -1.0
0.9999641 1.0
-1.0 -1.0
0.9999756 1.0
-1.0 -1.0
0.9999617 1.0
-1.0 -1.0
0.9999237 1.0
-0.6742076 -1.0
0.07198022 1.0
-0.69148755 -1.0
-0.0008732077 1.0
-0.5377084 -1.0
0.26473036 1.0
-0.9232259 -1.0
0.61609834 1.0
-0.88426507 -1.0
0.74572676 1.0
-0.89543146 -1.0
0.7689669 1.0
-0.93413854 -1.0
0.8006201 1.0
-0.9090943 -1.0
0.72754425 1.0
-0.9303208 -1.0
0.7386589 1.0
-0.962347 -1.0
0.9603725 1.0
-0.9641538 -1.0
0.9464253 1.0
-0.891469 -1.0
0.6521222 1.0
-0.9447481 -1.0
0.7887693 1.0
-0.9642338 -1.0
0.9689135 1.0
-0.968623 -1.0
0.95155925 1.0
-0.91326046 -1.0
0.6375115 1.0
-0.9533471 -1.0
0.72749674 1.0
-0.95805556 -1.0
0.9662791 1.0
-0.99589646 -1.0
0.9616731 1.0
-0.97536224 -1.0
0.8895097 1.0
-0.9916861 -1.0
0.82920414 1.0
-0.9875129 -1.0
0.9627648 1.0
-0.9995662 -1.0
0.98571604 1.0
-0.9939415 -1.0
0.9221969 1.0
-0.9947121 -1.0
0.88433594 1.0
-0.9881169 -1.0
0.96206874 1.0
-0.9997373 -1.0
0.9883828 1.0
-0.9965353 -1.0
0.94317114 1.0
-0.9987999 -1.0
0.98722327 1.0
-0.9998937 -1.0
0.99971527 1.0
-0.99999803 -1.0
0.9998269 1.0
-0.99998224 -1.0
0.9972747 1.0
-0.9999864 -1.0
0.99909437 1.0
-0.9999992 -1.0
0.999901 1.0
-0.9999998 -1.0
0.99999094 1.0
-0.9999997 -1.0
0.9999855 1.0
-1.0 -1.0
0.99998075 1.0
-1.0 -1.0
0.9999832 1.0
-1.0 -1.0
0.9999999 1.0
-1.0 -1.0
0.9999759 1.0
-1.0 -1.0
0.99999726 1.0
-1.0 -1.0
0.99998873 1.0
-1.0 -1.0
0.9999994 1.0
-1.0 -1.0
0.99997455 1.0
-1.0 -1.0
0.9999816 1.0
-1.0 -1.0
0.99998945 1.0
-1.0 -1.0
0.9999995 1.0
-1.0 -1.0
0.99999493 1.0
-1.0 -1.0
0.9999968 1.0
-1.0 -1.0
0.9999992 1.0
-1.0 -1.0
1.0 1.0
-1.0 -1.0
0.99999946 1.0
-1.0 -1.0
0.99999905 1.0
-1.0 -1.0
0.99999964 1.0
-1.0 -1.0
1.0 1.0
-1.0 -1.0
0.9999993 1.0
-1.0 -1.0
0.9999988 1.0
-1.0 -1.0
0.9999997 1.0
-1.0 -1.0
0.9999997 1.0
-1.0 -1.0
0.9999985 1.0
-1.0 -1.0
0.999996 1.0
-1.0 -1.0
0.99999905 1.0
-1.0 -1.0
1.0 1.0
-1.0 -1.0
0.9999986 1.0
-1.0 -1.0
0.9999989 1.0
-1.0 -1.0
0.9999995 1.0
-1.0 -1.0
1.0 1.0
-1.0 -1.0
0.9999995 1.0
-1.0 -1.0
0.9999997 1.0
-1.0 -1.0
1.0 1.0
-1.0 -1.0
1.0 1.0
-1.0 -1.0
1.0 1.0
-1.0 -1.0
0.99999964 1.0
-1.0 -1.0
1.0 1.0
-1.0 -1.0
1.0 1.0
-1.0 -1.0
1.0 1.0
-1.0 -1.0
0.99999964 1.0
-1.0 -1.0
1.0 1.0
-1.0 -1.0
0.99999964 1.0
-1.0 -1.0
0.9999985 1.0
-1.0 -1.0
0.99999714 1.0
-1.0 -1.0
0.9999991 1.0
-1.0 -1.0
0.9999989 1.0
-1.0 -1.0
0.9999829 1.0
-1.0 -1.0
0.9999172 1.0
-1.0 -1.0
0.9999912 1.0
-0.99999964 -1.0
0.9999842 1.0
-0.99999917 -1.0
0.99979013 1.0
-0.9999989 -1.0
0.99967206 1.0
-0.9999992 -1.0
0.999945 1.0
-0.99999446 -1.0
0.9998577 1.0
-0.99998224 -1.0
0.99938244 1.0
-0.9999837 -1.0
0.99826205 1.0
-0.9999932 -1.0
0.9997743 1.0
-0.9999897 -1.0
0.99971616 1.0
-0.99996877 -1.0
0.99881333 1.0
-0.9999622 -1.0
0.9973974 1.0
-0.9999814 -1.0
0.9991758 1.0
-0.9999989 -1.0
0.9999659 1.0
-0.99999654 -1.0
0.99976873 1.0
-0.99999547 -1.0
0.9997937 1.0
-0.9999975 -1.0
0.99988276 1.0
-1.0 -1.0
0.99999624 1.0
-1.0 -1.0
0.99994797 1.0
-0.99999946 -1.0
0.99995744 1.0
-0.99999964 -1.0
0.9999689 1.0
-1.0 -1.0
0.99999887 1.0
-1.0 -1.0
0.9999898 1.0
-1.0 -1.0
0.99998325 1.0
-1.0 -1.0
0.9999887 1.0
-1.0 -1.0
0.99999917 1.0
-1.0 -1.0
0.9999957 1.0
-1.0 -1.0
0.99998635 1.0
-1.0 -1.0
0.99999684 1.0
-1.0 -1.0
0.99999833 1.0
-1.0 -1.0
0.9999763 1.0
-0.99999917 -1.0
0.999918 1.0
-0.99999964 -1.0
0.99997026 1.0
-0.9999988 -1.0
0.9999631 1.0
-0.9999919 -1.0
0.999827 1.0
-0.9999935 -1.0
0.99958116 1.0
-0.99999756 -1.0
0.99995947 1.0
-1.0 -1.0
0.9999956 1.0
-0.9999989 -1.0
0.99997014 1.0
-0.99999905 -1.0
0.9998992 1.0
-1.0 -1.0
0.99999285 1.0
-1.0 -1.0
0.99999905 1.0
-1.0 -1.0
0.999996 1.0
-1.0 -1.0
0.9999822 1.0
-1.0 -1.0
0.99999636 1.0
-1.0 -1.0
0.99999964 1.0
-1.0 -1.0
0.9999982 1.0
-1.0 -1.0
0.9999923 1.0
-1.0 -1.0
0.9999984 1.0
-1.0 -1.0
1.0 1.0
-1.0 -1.0
0.9999991 1.0
-1.0 -1.0
0.99999493 1.0
-1.0 -1.0
0.9999987 1.0
-1.0 -1.0
1.0 1.0
-1.0 -1.0
0.9999993 1.0
-1.0 -1.0
0.9999988 1.0
-1.0 -1.0
0.9999995 1.0
-1.0 -1.0
1.0 1.0
-1.0 -1.0
0.99999964 1.0
-1.0 -1.0
0.99999946 1.0
-1.0 -1.0
0.9999997 1.0
-1.0 -1.0
1.0 1.0
-1.0 -1.0
1.0 1.0
-1.0 -1.0
0.99999964 1.0
-1.0 -1.0
1.0 1.0
-1.0 -1.0
1.0 1.0
-1.0 -1.0
0.9999997 1.0
-1.0 -1.0
0.99999934 1.0
-1.0 -1.0
1.0 1.0
-1.0 -1.0
0.9999995 1.0
-1.0 -1.0
0.99999815 1.0
-1.0 -1.0
0.99999416 1.0
-1.0 -1.0
0.9999984 1.0
-1.0 -1.0
0.9999986 1.0
-1.0 -1.0
0.9999947 1.0
-1.0 -1.0
0.99998885 1.0
-1.0 -1.0
0.9999959 1.0
-1.0 -1.0
0.9999998 1.0
-1.0 -1.0
0.9999978 1.0
-1.0 -1.0
0.9999968 1.0
-1.0 -1.0
0.9999989 1.0
-1.0 -1.0
1.0 1.0
-1.0 -1.0
0.9999981 1.0
-1.0 -1.0
0.9999924 1.0
-1.0 -1.0
0.9999984 1.0
-1.0 -1.0
0.99999547 1.0
-1.0 -1.0
0.99998075 1.0
-1.0 -1.0
0.999952 1.0
-1.0 -1.0
0.99999344 1.0
-1.0 -1.0
0.9999873 1.0
-1.0 -1.0
0.99990773 1.0
-1.0 -1.0
0.999866 1.0
-1.0 -1.0
0.99997973 1.0
-1.0 -1.0
0.9999991 1.0
-1.0 -1.0
0.9999909 1.0
-1.0 -1.0
0.99998873 1.0
-1.0 -1.0
0.99999416 1.0
-1.0 -1.0
1.0 1.0
-1.0 -1.0
0.9999972 1.0
-1.0 -1.0
0.99998754 1.0
-1.0 -1.0
0.99999475 1.0
-1.0 -1.0
0.9999937 1.0
-1.0 -1.0
0.99998224 1.0
-1.0 -1.0
0.99995047 1.0
-1.0 -1.0
0.99998087 1.0
-1.0 -1.0
0.999998 1.0
-1.0 -1.0
0.99998873 1.0
-1.0 -1.0
0.9999509 1.0
-1.0 -1.0
0.9999802 1.0
-1.0 -1.0
0.999975 1.0
-0.9999995 -1.0
0.99979734 1.0
-0.9999995 -1.0
0.9996153 1.0
-0.99999964 -1.0
0.99990743 1.0
-0.9999994 -1.0
0.9997601 1.0
-0.99999326 -1.0
0.9981269 1.0
-0.9999956 -1.0
0.99707896 1.0
-0.9999944 -1.0
0.9997464 1.0
-1.0 -1.0
0.9999561 1.0
-0.9999988 -1.0
0.9996442 1.0
-0.9999987 -1.0
0.9993007 1.0
-0.9999982 -1.0
0.9999628 1.0
-1.0 -1.0
0.99998325 1.0
-0.99999684 -1.0
0.9993438 1.0
-0.9999932 -1.0
0.9978397 1.0
-0.9999916 -1.0
0.9998831 1.0
-1.0 -1.0
0.9999843 1.0
-1.0 -1.0
0.99999 1.0
-1.0 -1.0
0.9999977 1.0
-1.0 -1.0
0.9999965 1.0
-1.0 -1.0
0.99999934 1.0
-1.0 -1.0
0.99999225 1.0
-1.0 -1.0
0.9999916 1.0
-1.0 -1.0
0.9999997 1.0
-1.0 -1.0
1.0 1.0
-1.0 -1.0
0.99999255 1.0
-1.0 -1.0
0.99996924 1.0
-1.0 -1.0
0.9999936 1.0
-1.0 -1.0
0.99999803 1.0
-1.0 -1.0
0.9999603 1.0
-1.0 -1.0
0.9997111 1.0
-0.9999994 -1.0
0.9999263 1.0
-1.0 -1.0
0.9999973 1.0
-1.0 -1.0
0.9999831 1.0
-1.0 -1.0
0.9999348 1.0
-1.0 -1.0
0.9999988 1.0
-1.0 -1.0
0.99999565 1.0
-1.0 -1.0
0.9999982 1.0
-1.0 -1.0
0.99999917 1.0
-1.0 -1.0
0.99999946 1.0
-1.0 -1.0
0.99997956 1.0
-1.0 -1.0
0.9923862 1.0
-1.0 -1.0
0.9784548 1.0
-1.0 -1.0
0.99650043 1.0
-1.0 -1.0
0.99966127 1.0
-1.0 -1.0
0.9967771 1.0
-1.0 -1.0
0.89609766 1.0
-0.9999973 -1.0
0.9575959 1.0
-1.0 -1.0
0.9965545 1.0
-1.0 -1.0
0.987789 1.0
-1.0 -1.0
0.9162295 1.0
-1.0 -1.0
0.99938965 1.0
-1.0 -1.0
0.99995506 1.0
-1.0 -1.0
0.99999607 1.0
-1.0 -1.0
0.9999965 1.0
-1.0 -1.0
0.99999934 1.0
-1.0 -1.0
0.99999905 1.0
-1.0 -1.0
0.99999624 1.0
-1.0 -1.0
0.9999966 1.0
-1.0 -1.0
0.99999845 1.0
-1.0 -1.0
0.9999925 1.0
-1.0 -1.0
0.9999857 1.0
-1.0 -1.0
0.99986553 1.0
-1.0 -1.0
0.999971 1.0
-1.0 -1.0
0.9999938 1.0
-1.0 -1.0
0.9999837 1.0
-1.0 -1.0
0.9999278 1.0
-1.0 -1.0
0.999973 1.0
-1.0 -1.0
0.99998826 1.0
-1.0 -1.0
0.99997497 1.0
-1.0 -1.0
0.99985343 1.0
-1.0 -1.0
0.999942 1.0
-1.0 -1.0
0.99982727 1.0
-1.0 -1.0
0.99942213 1.0
-1.0 -1.0
0.9993915 1.0
-1.0 -1.0
0.99985445 1.0
-1.0 -1.0
0.9999556 1.0
-1.0 -1.0
0.9999212 1.0
-1.0 -1.0
0.99928045 1.0
-1.0 -1.0
0.99988306 1.0
-1.0 -1.0
0.99997854 1.0
-1.0 -1.0
0.9999548 1.0
-1.0 -1.0
0.99963075 1.0
-1.0 -1.0
0.9998992 1.0
-1.0 -1.0
0.9999753 1.0
-1.0 -1.0
0.9999407 1.0
-1.0 -1.0
0.99956685 1.0
-1.0 -1.0
0.99991536 1.0
-1.0 -1.0
0.9999802 1.0
-1.0 -1.0
0.9999672 1.0
-1.0 -1.0
0.9997645 1.0
-1.0 -1.0
0.9999348 1.0
-0.85453165 -1.0
0.49341878 1.0
-0.85595244 -1.0
0.3116734 1.0
-0.76219594 -1.0
0.5649198 1.0
-0.33590126 -1.0
-0.0006138681 1.0
-0.11442642 -1.0
-0.06604982 1.0
-0.102966756 -1.0
-0.33322668 1.0
0.13602339 -1.0
-0.40915695 1.0
-0.12148606 -1.0
-0.06698065 1.0
0.05807562 -1.0
-0.44601884 1.0
-0.026290314 -1.0
-0.36499283 1.0
0.13605674 -1.0
-0.38753656 1.0
0.05986164 -1.0
-0.3188199 1.0
0.13102455 -1.0
-0.66802126 1.0
-0.37154505 -1.0
0.2401464 1.0
-0.449669 -1.0
0.07025729 1.0
-0.55801487 -1.0
0.13650517 1.0
-0.13413018 -1.0
-0.37555727 1.0
-0.49088913 -1.0
0.10833088 1.0
-0.56194973 -1.0
0.5976728 1.0
-0.56194973 -1.0
0.63468766 1.0
-0.56194973 -1.0
0.16904606 1.0
-0.56194973 -1.0
0.5989006 1.0
-0.56194973 -1.0
0.8490359 1.0
-0.56194973 -1.0
0.86046576 1.0
-0.56194973 -1.0
0.66005 1.0
-0.56194973 -1.0
0.78313166 1.0
-0.56194973 -1.0
0.9402832 1.0
-0.56194973 -1.0
0.93067944 1.0
-0.56194973 -1.0
0.7992282 1.0
-0.56194973 -1.0
0.89731526 1.0
-0.56194973 -1.0
0.9606532 1.0
-0.56194973 -1.0
0.92938197 1.0
-0.56194973 -1.0
0.8759199 1.0
-0.56194973 -1.0
0.9496437 1.0
-0.56194973 -1.0
0.91482735 1.0
-0.56194973 -1.0
0.9049497 1.0
-0.56194973 -1.0
0.7533072 1.0
-0.56194973 -1.0
0.9420537 1.0
-0.56194973 -1.0
0.9047716 1.0
-0.56194973 -1.0
0.9155666 1.0
-0.56194973 -1.0
0.75823396 1.0
-0.56194973 -1.0
0.9205961 1.0
-0.56194973 -1.0
0.9601259 1.0
-0.56194973 -1.0
0.96379364 1.0
-0.56194973 -1.0
0.8633064 1.0
-0.56194973 -1.0
0.96484774 1.0
-0.56194973 -1.0
0.98909813 1.0
-0.56194973 -1.0
0.9852045 1.0
-0.56194973 -1.0
0.95341 1.0
-0.56194973 -1.0
0.98277783 1.0
-0.56194973 -1.0
0.99453264 1.0
-0.56194973 -1.0
0.9924667 1.0
-0.56194973 -1.0
0.9759852 1.0
-0.56194973 -1.0
0.9901409 1.0
-0.56194973 -1.0
0.9969582 1.0
-0.56194973 -1.0
0.99688804 1.0
-0.56194973 -1.0
0.9880557 1.0
-0.56194973 -1.0
0.99087054 1.0
-0.56194973 -1.0
0.9957716 1.0
-0.56194973 -1.0
0.99355257 1.0
-0.56194973 -1.0
0.9762369 1.0
-0.56194973 -1.0
0.9905821 1.0
-0.56194973 -1.0
0.99806166 1.0
-0.56194973 -1.0
0.99791425 1.0
-0.56194973 -1.0
0.99255484 1.0
-0.56194973 -1.0
0.9954521 1.0
-0.56194973 -1.0
0.9980069 1.0
-0.56194973 -1.0
0.995979 1.0
-0.56194973 -1.0
0.9912807 1.0
-0.56194973 -1.0
0.99640495 1.0
-0.56194973 -1.0
0.99410796 1.0
-0.56194973 -1.0
0.99380994 1.0
-0.56194973 -1.0
0.9821265 1.0
-0.56194973 -1.0
0.9890722 1.0
-0.56194973 -1.0
0.9948106 1.0
-0.56194973 -1.0
0.99420714 1.0
-0.56194973 -1.0
0.9896965 1.0
-0.56194973 -1.0
0.9927792 1.0
-0.56194973 -1.0
0.99709857 1.0
-0.56194973 -1.0
0.9965764 1.0
-0.56194973 -1.0
0.98935425 1.0
-0.56194973 -1.0
0.995644 1.0
-0.56194973 -1.0
0.9983004 1.0
-0.56194973 -1.0
0.9983136 1.0
-0.56194973 -1.0
0.99606204 1.0
-0.56194973 -1.0
0.9973811 1.0
-0.56194973 -1.0
0.99876034 1.0
-0.56194973 -1.0
0.9987338 1.0
-0.56194973 -1.0
0.9943078 1.0
-0.56194973 -1.0
0.9981238 1.0
-0.56194973 -1.0
0.9993594 1.0
-0.56194973 -1.0
0.9992531 1.0
-0.56194973 -1.0
0.99729544 1.0
-0.56194973 -1.0
0.9988011 1.0
-0.56194973 -1.0
0.9995574 1.0
-0.56194973 -1.0
0.99935186 1.0
-0.56194973 -1.0
0.9981078 1.0
-0.56194973 -1.0
0.99883837 1.0
-0.56194973 -1.0
0.9994225 1.0
-0.56194973 -1.0
0.9996721 1.0
-0.56194973 -1.0
0.99769485 1.0
-0.56194973 -1.0
0.9986441 1.0
-0.56194973 -1.0
0.9995319 1.0
-0.56194973 -1.0
0.9994809 1.0
-0.56194973 -1.0
0.9977579 1.0
-0.56194973 -1.0
0.998964 1.0
-0.56194973 -1.0
0.99952894 1.0
-0.56194973 -1.0
0.99953794 1.0
-0.56194973 -1.0
0.99834186 1.0
-0.56194973 -1.0
0.9981998 1.0
-0.56194973 -1.0
0.9995023 1.0
-0.56194973 -1.0
0.9993425 1.0
-0.56194973 -1.0
0.9972536 1.0
-0.56194973 -1.0
0.99903613 1.0
-0.56194973 -1.0
0.9994237 1.0
-0.56194973 -1.0
0.9994263 1.0
-0.56194973 -1.0
0.99875957 1.0
-0.56194973 -1.0
0.99906844 1.0
-0.56194973 -1.0
0.99938875 1.0
-0.56194973 -1.0
0.999377 1.0
-0.56194973 -1.0
0.9988437 1.0
-0.56194973 -1.0
0.9990495 1.0
-0.56194973 -1.0
0.9993241 1.0
-0.56194973 -1.0
0.9993457 1.0
-0.56194973 -1.0
0.9988335 1.0
-0.56194973 -1.0
0.999 1.0
-0.56194973 -1.0
0.99935746 1.0
-0.56194973 -1.0
0.9987993 1.0
-0.56194973 -1.0
0.9980517 1.0
-0.56194973 -1.0
0.9976144 1.0
-0.56194973 -1.0
0.99864244 1.0
-0.56194973 -1.0
0.99926287 1.0
-0.56194973 -1.0
0.99867314 1.0
-0.56194973 -1.0
0.9987674 1.0
-0.56194973 -1.0
0.9992236 1.0
-0.56194973 -1.0
0.99923074 1.0
-0.56194973 -1.0
0.9982356 1.0
-0.56194973 -1.0
0.9981612 1.0
-0.56194973 -1.0
0.9988103 1.0
-0.56194973 -1.0
0.99821734 1.0
-0.56194973 -1.0
0.99847764 1.0
-0.56194973 -1.0
0.9978451 1.0
-0.56194973 -1.0
0.99726695 1.0
-0.56194973 -1.0
0.996691 1.0
-0.56194973 -1.0
0.9963022 1.0
-0.56194973 -1.0
0.9968428 1.0
-0.56194973 -1.0
0.9968672 1.0
-0.56194973 -1.0
0.9957197 1.0
-0.56194973 -1.0
0.9985032 1.0
-0.56194973 -1.0
0.9981153 1.0
-0.56194973 -1.0
0.9986122 1.0
-0.56194973 -1.0
0.9997005 1.0
-0.56194973 -1.0
0.999608 1.0
-0.56194973 -1.0
0.99961984 1.0
-0.56194973 -1.0
0.9997114 1.0
-0.56194973 -1.0
0.99990964 1.0
-0.56194973 -1.0
0.99961287 1.0
-0.56194973 -1.0
0.9994279 1.0
-0.56194973 -1.0
0.9997744 1.0
-0.56194973 -1.0
0.9997852 1.0
-0.56194973 -1.0
0.9996279 1.0
-0.56194973 -1.0
0.9995493 1.0
-0.56194973 -1.0
0.9994838 1.0
-0.56194973 -1.0
0.99982697 1.0
-0.56194973 -1.0
0.99941725 1.0
-0.56194973 -1.0
0.9992418 1.0
-0.56194973 -1.0
0.9992144 1.0
-0.56194973 -1.0
0.9990537 1.0
-0.56194973 -1.0
0.997434 1.0
-0.56194973 -1.0
0.9970247 1.0
-0.56194973 -1.0
0.9973156 1.0
-0.56194973 -1.0
0.9987478 1.0
-0.56194973 -1.0
0.9963689 1.0
-0.56194973 -1.0
0.99593294 1.0
-0.56194973 -1.0
0.99643636 1.0
-0.56194973 -1.0
0.9987381 1.0
-0.56194973 -1.0
0.9962994 1.0
-0.56194973 -1.0
0.9961804 1.0
-0.56194973 -1.0
0.99783623 1.0
-0.56194973 -1.0
0.9992456 1.0
-0.56194973 -1.0
0.9980081 1.0
-0.56194973 -1.0
0.99770015 1.0
-0.56194973 -1.0
0.99876595 1.0
-0.56194973 -1.0
0.9992886 1.0
-0.56194973 -1.0
0.9982926 1.0
-0.56194973 -1.0
0.9977386 1.0
-0.56194973 -1.0
0.9980275 1.0
-0.56194973 -1.0
0.9987944 1.0
-0.56194973 -1.0
0.9972158 1.0
-0.56194973 -1.0
0.9958763 1.0
-0.56194973 -1.0
0.9973127 1.0
-0.56194973 -1.0
0.9983151 1.0
-0.56194973 -1.0
0.9964547 1.0
-0.56194973 -1.0
0.99539554 1.0
-0.56194973 -1.0
0.99633914 1.0
-0.56194973 -1.0
0.9977588 1.0
-0.56194973 -1.0
0.99573016 1.0
-0.56194973 -1.0
0.99413466 1.0
-0.56194973 -1.0
0.99553496 1.0
-0.56194973 -1.0
0.9973703 1.0
-0.56194973 -1.0
0.9939758 1.0
-0.56194973 -1.0
0.9940689 1.0
-0.56194973 -1.0
0.9967217 1.0
-0.56194973 -1.0
0.9983019 1.0
-0.56194973 -1.0
0.9959417 1.0
-0.56194973 -1.0
0.9956654 1.0
-0.56194973 -1.0
0.99586564 1.0
-0.56194973 -1.0
0.99765676 1.0
-0.56194973 -1.0
0.99443126 1.0
-0.56194973 -1.0
0.9931787 1.0
-0.56194973 -1.0
0.9943463 1.0
-0.56194973 -1.0
0.9969796 1.0
-0.56194973 -1.0
0.992807 1.0
-0.56194973 -1.0
0.9913794 1.0
-0.56194973 -1.0
0.9932022 1.0
-0.56194973 -1.0
0.99612415 1.0
-0.56194973 -1.0
0.99195546 1.0
-0.56194973 -1.0
0.9900209 1.0
-0.56194973 -1.0
0.9919182 1.0
-0.56194973 -1.0
0.99621147 1.0
-0.56194973 -1.0
0.9908281 1.0
-0.56194973 -1.0
0.9891533 1.0
-0.56194973 -1.0
0.9905324 1.0
-0.56194973 -1.0
0.99478847 1.0
-0.56194973 -1.0
0.9883029 1.0
-0.56194973 -1.0
0.9827664 1.0
-0.87755454 -1.0
0.4442301 1.0
-0.88117933 -1.0
0.37338707 1.0
-0.8059084 -1.0
0.5734436 1.0
-0.950161 -1.0
0.7904925 1.0
-0.9806933 -1.0
0.8551544 1.0
-0.94584906 -1.0
0.86886406 1.0
-0.9754584 -1.0
0.8810277 1.0
-0.96700954 -1.0
0.84935194 1.0
-0.98856604 -1.0
0.88780916 1.0
-0.9613898 -1.0
0.7162654 1.0
-0.9608428 -1.0
0.8732857 1.0
-0.9525837 -1.0
0.813843 1.0
-0.9772744 -1.0
0.87282825 1.0
-0.9351234 -1.0
0.68289757 1.0
-0.931273 -1.0
0.82959855 1.0
-0.9651077 -1.0
0.84942734 1.0
-0.9755811 -1.0
0.8627916 1.0
-0.97057384 -1.0
0.7805488 1.0
-0.9516474 -1.0
0.7312896 1.0
-0.98661363 -1.0
0.9552397 1.0
-0.9911106 -1.0
0.9356896 1.0
-0.9901208 -1.0
0.96011823 1.0
-0.980695 -1.0
0.9236973 1.0
-0.9925277 -1.0
0.9887041 1.0
-0.99627686 -1.0
0.98663896 1.0
-0.99768466 -1.0
0.99234056 1.0
-0.9867719 -1.0
0.9895351 1.0
-0.9970646 -1.0
0.9962422 1.0
-0.9991984 -1.0
0.9985409 1.0
-0.99544245 -1.0
0.9952179 1.0
-0.997848 -1.0
0.9991581 1.0
-0.9979308 -1.0
0.9986804 1.0
-0.9992617 -1.0
0.9995964 1.0
-0.99632764 -1.0
0.9983891 1.0
-0.99829406 -1.0
0.9997875 1.0
-0.9983626 -1.0
0.9995542 1.0
-0.9994808 -1.0
0.9997023 1.0
-0.9966657 -1.0
0.9995867 1.0
-0.9985834 -1.0
0.9997392 1.0
-0.9981791 -1.0
0.99985045 1.0
-0.9995213 -1.0
0.9998023 1.0
-0.99576443 -1.0
0.99976325 1.0
-0.99884963 -1.0
0.9998344 1.0
-0.9985128 -1.0
0.99990374 1.0
-0.99928516 -1.0
0.9998589 1.0
-0.9954759 -1.0
0.9996104 1.0
-0.9961492 -1.0
0.9997362 1.0
-0.9971606 -1.0
0.9998028 1.0
-0.99805075 -1.0
0.9995806 1.0
-0.99753255 -1.0
0.9995154 1.0
-0.99751663 -1.0
0.9994375 1.0
-0.9969975 -1.0
0.99913555 1.0
-0.9982907 -1.0
0.99913687 1.0
-0.9968668 -1.0
0.99911535 1.0
-0.9977028 -1.0
0.99965584 1.0
-0.9985397 -1.0
0.99967 1.0
-0.99919933 -1.0
0.9996681 1.0
-0.99838704 -1.0
0.9996707 1.0
-0.99928546 -1.0
0.9998288 1.0
-0.99887854 -1.0
0.9998774 1.0
-0.9995707 -1.0
0.99986553 1.0
-0.9985004 -1.0
0.9996513 1.0
-0.9989643 -1.0
0.99992496 1.0
-0.9994375 -1.0
0.99985355 1.0
-0.9997805 -1.0
0.9999323 1.0
-0.9980616 -1.0
0.9997852 1.0
-0.99921876 -1.0
0.99991983 1.0
-0.99957204 -1.0
0.99990684 1.0
-0.9997988 -1.0
0.9999664 1.0
-0.99881274 -1.0
0.9998795 1.0
-0.9996628 -1.0
0.9999541 1.0
-0.9996681 -1.0
0.99996084 1.0
-0.9997923 -1.0
0.99996144 1.0
-0.99926394 -1.0
0.99993235 1.0
-0.99948645 -1.0
0.99996096 1.0
-0.999715 -1.0
0.9999698 1.0
-0.99982005 -1.0
0.99996746 1.0
-0.999312 -1.0
0.99991965 1.0
-0.99955 -1.0
0.9999824 1.0
-0.9994463 -1.0
0.9999522 1.0
-0.9998207 -1.0
0.9999528 1.0
-0.99929917 -1.0
0.9999685 1.0
-0.9997975 -1.0
0.999981 1.0
-0.99967396 -1.0
0.99998564 1.0
-0.9998411 -1.0
0.99997956 1.0
-0.9993483 -1.0
0.99995255 1.0
-0.99958014 -1.0
0.9999807 1.0
-0.9992497 -1.0
0.9999555 1.0
-0.99968654 -1.0
0.99993396 1.0
-0.99964917 -1.0
0.9999575 1.0
-0.9994275 -1.0
0.99994314 1.0
-0.9996213 -1.0
0.9998951 1.0
-0.99970776 -1.0
0.9999415 1.0
-0.99883544 -1.0
0.9997426 1.0
-0.998287 -1.0
0.9997371 1.0
-0.99913704 -1.0
0.999665 1.0
-0.99904543 -1.0
0.9997626 1.0
-0.9982181 -1.0
0.9994411 1.0
-0.9968116 -1.0
0.9993827 1.0
-0.9984347 -1.0
0.9990221 1.0
-0.9982974 -1.0
0.99898744 1.0
-0.9983187 -1.0
0.9992225 1.0
-0.99477625 -1.0
0.99725807 1.0
-0.99692154 -1.0
0.9960479 1.0
-0.9980402 -1.0
0.9978774 1.0
-0.99699086 -1.0
0.9978535 1.0
-0.9971033 -1.0
0.997086 1.0
-0.9972409 -1.0
0.9928892 1.0
-0.99805474 -1.0
0.99570847 1.0
-0.9964929 -1.0
0.9869117 1.0
-0.99468344 -1.0
0.9818797 1.0
-0.99672484 -1.0
0.98252946 1.0
-0.99811274 -1.0
0.98909354 1.0
-0.99386775 -1.0
0.97596395 1.0
-0.99603266 -1.0
0.99445647 1.0
-0.9979744 -1.0
0.9928434 1.0
-0.9988056 -1.0
0.9935023 1.0
-0.99179214 -1.0
0.9813507 1.0
-0.9974648 -1.0
0.9958974 1.0
-0.99701756 -1.0
0.9943523 1.0
-0.99888307 -1.0
0.9964613 1.0
-0.99592566 -1.0
0.9941769 1.0
-0.9986102 -1.0
0.9992548 1.0
-0.99833107 -1.0
0.9989224 1.0
-0.9990666 -1.0
0.9993674 1.0
-0.9980414 -1.0
0.99790776 1.0
-0.99850297 -1.0
0.9996532 1.0
-0.99888057 -1.0
0.9993917 1.0
-0.9995666 -1.0
0.99932534 1.0
-0.99766684 -1.0
0.9993796 1.0
-0.9992969 -1.0
0.99965835 1.0
-0.99913925 -1.0
0.999796 1.0
-0.9995125 -1.0
0.9996499 1.0
-0.9983199 -1.0
0.9991407 1.0
-0.9986678 -1.0
0.9996681 1.0
-0.9990224 -1.0
0.99975723 1.0
-0.9994645 -1.0
0.99980366 1.0
-0.99941754 -1.0
0.9997762 1.0
-0.9986636 -1.0
0.9994633 1.0
-0.99873596 -1.0
0.9984917 1.0
-0.9991817 -1.0
0.99889225 1.0
-0.9980526 -1.0
0.99897623 1.0
-0.9980491 -1.0
0.99800533 1.0
-0.99778855 -1.0
0.994636 1.0
-0.99904484 -1.0
0.9938142 1.0
-0.9982695 -1.0
0.9963572 1.0
-0.99742144 -1.0
0.99249893 1.0
-0.998682 -1.0
0.99260867 1.0
-0.99942195 -1.0
0.9971742 1.0
-0.99546224 -1.0
0.98952794 1.0
-0.99803966 -1.0
0.99531937 1.0
-0.99825084 -1.0
0.99635154 1.0
-0.9994783 -1.0
0.9971577 1.0
-0.9982267 -1.0
0.9977956 1.0
-0.99918264 -1.0
0.9987259 1.0
-0.9980898 -1.0
0.99799526 1.0
-0.99876463 -1.0
0.9981379 1.0
-0.9954307 -1.0
0.99608266 1.0
-0.99887204 -1.0
0.99811536 1.0
-0.99841964 -1.0
0.9985977 1.0
-0.9983758 -1.0
0.995366 1.0
-0.99692947 -1.0
0.99593407 1.0
-0.997179 -1.0
0.99383146 1.0
-0.99698687 -1.0
0.9927914 1.0
-0.99880606 -1.0
0.99226636 1.0
-0.9966455 -1.0
0.993816 1.0
-0.99781626 -1.0
0.9911606 1.0
-0.9974908 -1.0
0.9906795 1.0
-0.99849755 -1.0
0.97860533 1.0
-0.9977504 -1.0
0.9810465 1.0
-0.9969264 -1.0
0.97212934 1.0
-0.9984612 -1.0
0.9786826 1.0
-0.99911505 -1.0
0.9858091 1.0
-0.9969286 -1.0
0.971962 1.0
-0.99816394 -1.0
0.98694056 1.0
-0.99862754 -1.0
0.992528 1.0
-0.99968565 -1.0
0.9945067 1.0
-0.9968 -1.0
0.99109167 1.0
-0.99738115 -1.0
0.9938511 1.0
-0.9984845 -1.0
0.9856169 1.0
-0.9990475 -1.0
0.9908252 1.0
-0.99813753 -1.0
0.99015534 1.0
-0.99906564 -1.0
0.98867553 1.0
-0.99802333 -1.0
0.99009204 1.0
-0.99955547 -1.0
0.9894549 1.0
-0.99803036 -1.0
0.992429 1.0
-0.999105 -1.0
0.9980642 1.0
-0.9989976 -1.0
0.9982338 1.0
-0.9997308 -1.0
0.99857974 1.0
-0.99911386 -1.0
0.996483 1.0
-0.9993657 -1.0
0.9996178 1.0
-0.9995999 -1.0
0.9991506 1.0
-0.9997616 -1.0
0.99971026 1.0
-0.99920774 -1.0
0.99880826 1.0
-0.9996723 -1.0
0.9997246 1.0
-0.9995962 -1.0
0.99960816 1.0
-0.9998116 -1.0
0.9997919 1.0
-0.9988593 -1.0
0.9994576 1.0
-0.9990634 -1.0
0.9994094 1.0
-0.9995427 -1.0
0.9992848 1.0
-0.99960476 -1.0
0.9996054 1.0
-0.9993864 -1.0
0.99949104 1.0
-0.9994588 -1.0
0.9993707 1.0
-0.9997205 -1.0
0.999341 1.0
-0.99987555 -1.0
0.9997334 1.0
-0.9993008 -1.0
0.9993373 1.0
-0.9998117 -1.0
0.9996094 1.0
-0.99971414 -1.0
0.9997356 1.0
-0.99992776 -1.0
0.9998544 1.0
-0.999426 -1.0
0.9996365 1.0
-0.9996219 -1.0
0.9996857 1.0
-0.9998067 -1.0
0.9996373 1.0
-0.9998595 -1.0
0.9997442 1.0
-0.9994876 -1.0
0.999478 1.0
-0.9996948 -1.0
0.99815726 1.0
-0.9996256 -1.0
0.99903464 1.0
-0.99990606 -1.0
0.9994448 1.0
-0.9992082 -1.0
0.9987827 1.0
-0.9996967 -1.0
0.99929917 1.0
-0.99984044 -1.0
0.99951714 1.0
-0.9999045 -1.0
0.9997787 1.0
-0.9994957 -1.0
0.9994296 1.0
-0.9998048 -1.0
0.9996645 1.0
-0.9998966 -1.0
0.9997638 1.0
-0.9999532 -1.0
0.99987864 1.0
-0.99981713 -1.0
0.9997344 1.0
-0.9998134 -1.0
0.9998231 1.0
-0.99982816 -1.0
0.9997719 1.0
-0.99992 -1.0
0.9997112 1.0
-0.99981266 -1.0
0.9996233 1.0
-0.99986297 -1.0
0.99973696 1.0
-0.9997593 -1.0
0.9994205 1.0
-0.9998457 -1.0
0.99959195 1.0
-0.99926317 -1.0
0.9988777 1.0
-0.9995193 -1.0
0.99974096 1.0
-0.99972624 -1.0
0.9993246 1.0
-0.99959064 -1.0
0.9989829 1.0
-0.99937946 -1.0
0.99879366 1.0
-0.99949676 -1.0
0.9981468 1.0
-0.99930894 -1.0
0.997931 1.0
-0.99972963 -1.0
0.99897313 1.0
-0.9997196 -1.0
0.998494 1.0
-0.999568 -1.0
0.9985683 1.0
-0.9995928 -1.0
0.99784046 1.0
-0.99971664 -1.0
0.99830997 1.0
-0.9993654 -1.0
0.99517417 1.0
0.60984355 1.0
-0.89020246 -1.0
0.5583801 1.0
-0.8716786 -1.0
0.683637 1.0
-0.81287444 -1.0
0.51396835 1.0
-0.86499 -1.0
0.578236 1.0
-0.91258067 -1.0
0.87638164 1.0
-0.97634834 -1.0
0.8278378 1.0
-0.97255445 -1.0
0.8155615 1.0
-0.9716016 -1.0
0.719423 1.0
-0.9590263 -1.0
0.55896896 1.0
-0.8665554 -1.0
0.6757111 1.0
-0.80961156 -1.0
0.58777577 1.0
-0.8364366 -1.0
0.48906305 1.0
-0.8718812 -1.0
0.30711067 1.0
-0.6305016 -1.0
0.48607492 1.0
-0.6154788 -1.0
0.4315322 1.0
-0.78615516 -1.0
0.7036846 1.0
-0.9458842 -1.0
0.9197918 1.0
-0.9491751 -1.0
0.96302587 1.0
-0.9839148 -1.0
0.98357326 1.0
-0.98903346 -1.0
0.9925603 1.0
-0.9940567 -1.0
0.99062866 1.0
-0.9882345 -1.0
0.98217565 1.0
-0.98847693 -1.0
0.99424374 1.0
-0.9975272 -1.0
0.9979959 1.0
-0.9987628 -1.0
0.9973891 1.0
-0.99190915 -1.0
0.99836326 1.0
-0.9982775 -1.0
0.9992932 1.0
-0.9995699 -1.0
0.99975497 1.0
-0.9995447 -1.0
0.99873596 1.0
-0.9989671 -1.0
0.9999395 1.0
-0.9998235 -1.0
0.9998686 1.0
-0.99987066 -1.0
0.99953663 1.0
-0.9991785 -1.0
0.999599 1.0
-0.9986675 -1.0
0.9999876 1.0
-0.99983984 -1.0
0.9999471 1.0
-0.9996574 -1.0
0.9999308 1.0
-0.999496 -1.0
0.99994636 1.0
-0.9996843 -1.0
0.9999956 1.0
-0.9997351 -1.0
0.9998667 1.0
-0.9988181 -1.0
0.99971604 1.0
-0.9986564 -1.0
0.99978423 1.0
-0.9988396 -1.0
0.999971 1.0
-0.9997984 -1.0
0.9999692 1.0
-0.9999155 -1.0
0.9999886 1.0
-0.9999826 -1.0
0.9999882 1.0
-0.99984956 -1.0
0.9999961 1.0
-0.99974334 -1.0
0.9999985 1.0
-0.99991846 -1.0
0.9999988 1.0
-0.99997336 -1.0
0.9999991 1.0
-0.99995536 -1.0
0.99999785 1.0
-0.99981153 -1.0
0.99999726 1.0
-0.99994105 -1.0
0.999996 1.0
-0.9998254 -1.0
0.9999977 1.0
-0.9998824 -1.0
0.999986 1.0
-0.9996367 -1.0
0.9999959 1.0
-0.9999689 -1.0
0.9999953 1.0
-0.9998684 -1.0
0.9999933 1.0
-0.99982893 -1.0
0.99999756 1.0
-0.9999692 -1.0
0.99999803 1.0
-0.99999094 -1.0
0.99999785 1.0
-0.99997103 -1.0
0.9999873 1.0
-0.9998288 -1.0
0.9999988 1.0
-0.999967 -1.0
0.999999 1.0
-0.99998325 -1.0
0.99999434 1.0
-0.99985874 -1.0
0.999993 1.0
-0.99978805 -1.0
0.99999976 1.0
-0.99996495 -1.0
0.99999946 1.0
-0.99990463 -1.0
0.99999785 1.0
-0.99985784 -1.0
0.9999959 1.0
-0.9996373 -1.0
1.0 1.0
-0.99991304 -1.0
0.9999865 1.0
-0.9971439 -1.0
0.9999781 1.0
-0.9976048 -1.0
0.9999942 1.0
-0.9975217 -1.0
0.99999815 1.0
-0.9992083 -1.0
0.99999803 1.0
-0.9999039 -1.0
0.9999975 1.0
-0.99995 -1.0
0.9999993 1.0
-0.99996763 -1.0
1.0 1.0
-0.9999939 -1.0
1.0 1.0
-0.99999285 -1.0
1.0 1.0
-0.9999972 -1.0
1.0 1.0
-0.9999956 -1.0
1.0 1.0
-0.9999973 -1.0
1.0 1.0
-0.9999921 -1.0
1.0 1.0
-0.99999464 -1.0
1.0 1.0
-0.9999972 -1.0
1.0 1.0
-0.999999 -1.0
1.0 1.0
-0.9999952 -1.0
1.0 1.0
-0.9999982 -1.0
1.0 1.0
-0.99999785 -1.0
1.0 1.0
-0.9999992 -1.0
0.9999987 1.0
-0.9999952 -1.0
0.9999989 1.0
-0.9999974 -1.0
0.99999946 1.0
-0.99999785 -1.0
1.0 1.0
-0.9999994 -1.0
1.0 1.0
-0.99999785 -1.0
1.0 1.0
-0.99999934 -1.0
1.0 1.0
-0.99999887 -1.0
1.0 1.0
-0.999999 -1.0
1.0 1.0
-0.9999968 -1.0
1.0 1.0
-0.9999982 -1.0
1.0 1.0
-0.9999976 -1.0
1.0 1.0
-0.9999993 -1.0
0.99999964 1.0
-0.9999964 -1.0
0.99999946 1.0
-0.9999989 -1.0
0.9999996 1.0
-0.9999989 -1.0
1.0 1.0
-0.9999997 -1.0
0.99999934 1.0
-0.99999815 -1.0
0.9999997 1.0
-0.9999991 -1.0
0.9999996 1.0
-0.9999988 -1.0
1.0 1.0
-0.9999995 -1.0
1.0 1.0
-0.9999989 -1.0
0.9999985 1.0
-0.99999833 -1.0
1.0 1.0
-0.99999946 -1.0
0.99999917 1.0
-0.9999991 -1.0
0.99999905 1.0
-0.9999984 -1.0
0.99999 1.0
-0.9999957 -1.0
0.99999785 1.0
-0.9999984 -1.0
0.9999886 1.0
-0.9999924 -1.0
0.9999538 1.0
-0.9999663 -1.0
0.9999243 1.0
-0.9999624 -1.0
0.9999856 1.0
-0.99998516 -1.0
0.99994737 1.0
-0.99996144 -1.0
0.9997725 1.0
-0.99976367 -1.0
0.99974966 1.0
-0.99989784 -1.0
0.99996316 1.0
-0.999968 -1.0
0.9998822 1.0
-0.9999383 -1.0
0.9987339 1.0
-0.999506 -1.0
0.9993468 1.0
-0.9998462 -1.0
0.99941874 1.0
-0.9996708 -1.0
0.99987566 1.0
-0.99984443 -1.0
0.9996709 1.0
-0.9994275 -1.0
0.9995606 1.0
-0.9998147 -1.0
0.9996663 1.0
-0.99963206 -1.0
0.9997168 1.0
-0.9999353 -1.0
0.9993397 1.0
-0.99969035 -1.0
0.99954325 1.0
-0.99989927 -1.0
0.9997437 1.0
-0.9998756 -1.0
0.99978125 1.0
-0.9999675 -1.0
0.9994777 1.0
-0.999857 -1.0
0.9997049 1.0
-0.9999609 -1.0
0.99972284 1.0
-0.9999275 -1.0
0.99992573 1.0
-0.9999909 -1.0
0.99966234 1.0
-0.99992317 -1.0
0.99967325 1.0
-0.9999715 -1.0
0.999889 1.0
-0.99998254 -1.0
0.9999044 1.0
-0.9999864 -1.0
0.9986139 1.0
-0.9998714 -1.0
0.99816656 1.0
-0.99994814 -1.0
0.99965745 1.0
-0.99996775 -1.0
0.99940044 1.0
-0.9999624 -1.0
0.9966274 1.0
-0.9996987 -1.0
0.996647 1.0
-0.99976665 -1.0
0.9987698 1.0
-0.99976623 -1.0
0.9987403 1.0
-0.9991232 -1.0
0.99033135 1.0
-0.99768674 -1.0
0.99101096 1.0
-0.99820113 -1.0
0.99921364 1.0
-0.99922043 -1.0
0.999732 1.0
-0.9995716 -1.0
0.99875516 1.0
-0.9993427 -1.0
0.9981728 1.0
-0.9993851 -1.0
0.9997213 1.0
-0.99887615 -1.0
0.999557 1.0
-0.9994424 -1.0
0.99874806 1.0
-0.9994049 -1.0
0.99794865 1.0
-0.99936205 -1.0
0.9996226 1.0
-0.999373 -1.0
0.9993037 1.0
-0.9994766 -1.0
0.9970832 1.0
-0.9995853 -1.0
0.99174005 1.0
-0.99928397 -1.0
0.99764687 1.0
-0.9982359 -1.0
0.9948669 1.0
-0.99869215 -1.0
0.9858013 1.0
-0.9984147 -1.0
0.9838035 1.0
-0.9984637 -1.0
0.99582124 1.0
-0.99727994 -1.0
0.9989795 1.0
-0.99932283 -1.0
0.9937724 1.0
-0.9991244 -1.0
0.9924488 1.0
-0.9988209 -1.0
0.99846876 1.0
-0.99909306 -1.0
0.99958783 1.0
-0.9996939 -1.0
0.99332786 1.0
-0.99866045 -1.0
0.9827642 1.0
-0.9978047 -1.0
0.99872595 1.0
-0.9991582 -1.0
0.99276614 1.0
-0.99643755 -1.0
0.96167755 1.0
-0.9940934 -1.0
0.9398853 1.0
-0.9942747 -1.0
0.9946375 1.0
-0.9966874 -1.0
0.98871434 1.0
-0.9944211 -1.0
0.93866134 1.0
-0.9900259 -1.0
0.77932614 1.0
-0.9823701 -1.0
0.97524786 1.0
-0.98760986 -1.0
0.94132936 1.0
-0.9834683 -1.0
0.76829994 1.0
-0.97151554 -1.0
0.33599678 1.0
-0.9548399 -1.0
0.89226997 1.0
-0.97190976 -1.0
0.8662338 1.0
-0.97231907 -1.0
0.37982118 1.0
-0.9472903 -1.0
0.37277386 1.0
-0.95285034 -1.0
0.90257233 1.0
-0.9519418 -1.0
0.8739048 1.0
-0.9779826 -1.0
0.7220886 1.0
-0.9780974 -1.0
0.41864595 1.0
-0.9701933 -1.0
0.9313287 1.0
-0.97330236 -1.0
0.75894606 1.0
-0.9292747 -1.0
0.6662887 1.0
-0.9520878 -1.0
0.4784952 1.0
-0.9547945 -1.0
0.89236444 1.0
-0.94615436 -1.0
0.9077758 1.0
-0.9580276 -1.0
0.8985666 1.0
-0.9643419 -1.0
0.7861076 1.0
-0.9537275 -1.0
0.9600462 1.0
-0.9447391 -1.0
0.9460175 1.0
-0.9855304 -1.0
0.81959426 1.0
-0.9780747 -1.0
0.7747929 1.0
-0.98046964 -1.0
0.9647157 1.0
-0.98113555 -1.0
0.957982 1.0
-0.9828459 -1.0
0.89631766 1.0
-0.9854758 -1.0
0.7476409 1.0
-0.9774666 -1.0
0.94716007 1.0
-0.9783196 -1.0
0.9504216 1.0
-0.9215284 -1.0
0.8962548 1.0
-0.9311383 -1.0
0.7168953 1.0
-0.9039363 -1.0
0.97476727 1.0
-0.96548057 -1.0
0.9797205 1.0
-0.94028044 -1.0
0.9696158 1.0
-0.9589274 -1.0
0.95084786 1.0
-0.9627634 -1.0
0.988637 1.0
-0.93843544 -1.0
0.98089546 1.0
-0.9846252 -1.0
0.96233594 1.0
-0.9856556 -1.0
0.94447255 1.0
-0.9874069 -1.0
0.9921227 1.0
-0.984697 -1.0
0.99216217 1.0
-0.9965085 -1.0
0.97996575 1.0
-0.9968293 -1.0
0.9662574 1.0
-0.9959307 -1.0
0.9937825 1.0
-0.9920697 -1.0
0.99758595 1.0
-0.99826133 -1.0
0.9916976 1.0
-0.99841064 -1.0
0.9836246 1.0
-0.99782574 -1.0
0.9977197 1.0
-0.9968691 -1.0
0.9972456 1.0
-0.9976751 -1.0
0.9908808 1.0
-0.9979234 -1.0
0.97791976 1.0
-0.9965597 -1.0
0.9972784 1.0
-0.9971044 -1.0
0.98377997 1.0
-0.9903386 -1.0
0.97339696 1.0
-0.9903491 -1.0
0.90927565 1.0
-0.9882446 -1.0
0.9879322 1.0
-0.9702175 -1.0
0.9887312 1.0
-0.95905006 -1.0
0.9843474 1.0
-0.9768001 -1.0
0.9338289 1.0
-0.9642323 -1.0
0.9930696 1.0
-0.9656201 -1.0
0.9932183 1.0
-0.9666034 -1.0
0.99247575 1.0
-0.97197914 -1.0
0.98524404 1.0
-0.9741478 -1.0
0.99687326 1.0
-0.9572169 -1.0
0.9944746 1.0
-0.9910388 -1.0
0.99266 1.0
-0.9935409 -1.0
0.9871365 1.0
-0.9929165 -1.0
0.9970098 1.0
-0.9866296 -1.0
0.99529606 1.0
-0.99716556 -1.0
0.9925228 1.0
-0.99821633 -1.0
0.9886826 1.0
-0.997563 -1.0
0.99684304 1.0
-0.9958065 -1.0
0.99900526 1.0
-0.998924 -1.0
0.9948158 1.0
-0.99916834 -1.0
0.9955387 1.0
-0.9991819 -1.0
0.9990993 1.0
-0.99794656 -1.0
0.99955106 1.0
-0.9995572 -1.0
0.99793494 1.0
-0.999703 -1.0
0.99820733 1.0
-0.99956906 -1.0
0.99920267 1.0
-0.99882567 -1.0
0.999273 1.0
-0.99911904 -1.0
0.99596983 1.0
-0.9991741 -1.0
0.99074525 1.0
-0.99883854 -1.0
0.9956979 1.0
-0.9982138 -1.0
0.99369895 1.0
-0.996408 -1.0
0.9697573 1.0
-0.9969112 -1.0
0.94182193 1.0
-0.9955775 -1.0
0.99470454 1.0
-0.99843925 -1.0
0.9906675 1.0
-0.99720967 -1.0
0.96381503 1.0
-0.99672663 -1.0
0.95252603 1.0
-0.99636716 -1.0
0.9954385 1.0
-0.99767476 -1.0
0.9983796 1.0
-0.9991925 -1.0
0.99282944 1.0
-0.9994696 -1.0
0.9939205 1.0
-0.9993872 -1.0
0.99818397 1.0
-0.9983097 -1.0
0.9992576 1.0
-0.99962056 -1.0
0.99682105 1.0
-0.99963677 -1.0
0.9974612 1.0
-0.99975723 -1.0
0.99888885 1.0
-0.9991077 -1.0
0.9994889 1.0
-0.9997713 -1.0
0.99678594 1.0
-0.99973613 -1.0
0.99582034 1.0
-0.99970174 -1.0
0.99971545 1.0
-0.9998454 -1.0
0.99979305 1.0
-0.99991465 -1.0
0.99907595 1.0
-0.9999089 -1.0
0.99512315 1.0
-0.9997935 -1.0
0.9990306 1.0
-0.9997781 -1.0
0.9955563 1.0
-0.9989419 -1.0
0.9694545 1.0
-0.9988524 -1.0
0.9297418 1.0
-0.9982538 -1.0
0.99672544 1.0
-0.99949175 -1.0
0.9813577 1.0
-0.9975298 -1.0
0.94186157 1.0
-0.9978273 -1.0
0.8680112 1.0
-0.99702466 -1.0
0.98062134 1.0
-0.99752027 -1.0
0.9649132 1.0
-0.996352 -1.0
0.95331067 1.0
-0.997749 -1.0
0.91760427 1.0
-0.9968414 -1.0
0.9817221 1.0
-0.9954299 -1.0
0.9941531 1.0
-0.9990065 -1.0
0.97888494 1.0
-0.99936867 -1.0
0.97511417 1.0
-0.9990936 -1.0
0.9942286 1.0
-0.998171 -1.0
-0.88581586 -1.0
0.5705892 1.0
-0.8889746 -1.0
0.5065801 1.0
-0.817807 -1.0
0.6714776 1.0
-0.943723 -1.0
0.75898415 1.0
-0.962188 -1.0
0.82215023 1.0
-0.94463134 -1.0
0.8360134 1.0
-0.9647783 -1.0
0.8627677 1.0
-0.9501641 -1.0
0.7310777 1.0
-0.96121794 -1.0
0.81039876 1.0
-0.92595917 -1.0
0.7474507 1.0
-0.90817356 -1.0
0.7091203 1.0
-0.935739 -1.0
0.701824 1.0
-0.97286266 -1.0
0.8153821 1.0
-0.9653097 -1.0
0.7895103 1.0
-0.9667911 -1.0
0.78234804 1.0
-0.96933657 -1.0
0.8841906 1.0
-0.9864167 -1.0
0.87675405 1.0
-0.8800975 -1.0
0.80221045 1.0
-0.93439436 -1.0
0.836598 1.0
-0.9549561 -1.0
0.7497789 1.0
-0.9651905 -1.0
0.86025643 1.0
-0.9569073 -1.0
0.86855197 1.0
-0.9342174 -1.0
0.875159 1.0
-0.94364834 -1.0
0.82710695 1.0
-0.9699982 -1.0
0.8622474 1.0
-0.93138814 -1.0
0.8544535 1.0
-0.9397567 -1.0
0.9083518 1.0
-0.965397 -1.0
0.8052261 1.0
-0.98216856 -1.0
0.9205863 1.0
-0.9705793 -1.0
0.9180211 1.0
-0.9541766 -1.0
0.9263603 1.0
-0.9730157 -1.0
0.92577606 1.0
-0.98152906 -1.0
0.9444379 1.0
-0.9418061 -1.0
0.84193325 1.0
-0.9479726 -1.0
0.79182214 1.0
-0.94336 -1.0
0.6884548 1.0
-0.9757826 -1.0
0.777172 1.0
-0.9354767 -1.0
0.6295228 1.0
-0.962546 -1.0
0.45188892 1.0
-0.8238809 -1.0
0.012108389 1.0
-0.8561037 -1.0
0.21831709 1.0
-0.10031326 -1.0
0.64050114 1.0
-0.70644313 -1.0
0.5839881 1.0
-0.9160756 -1.0
0.7590452 1.0
-0.9867161 -1.0
0.74937844 1.0
-0.96685433 -1.0
0.96396655 1.0
-0.9905732 -1.0
0.93400127 1.0
-0.9934231 -1.0
0.9824026 1.0
-0.999393 -1.0
0.9911564 1.0
-0.9595673 -1.0
0.7941538 1.0
-0.96832955 -1.0
0.73038816 1.0
-0.9899025 -1.0
0.9493749 1.0
-0.99550074 -1.0
0.8831536 1.0
-0.9943044 -1.0
0.90256816 1.0
-0.9983508 -1.0
0.97429687 1.0
-0.98971677 -1.0
0.91583294 1.0
-0.9872987 -1.0
0.77277404 1.0
-0.9920618 -1.0
0.606867 1.0
-0.98410517 -1.0
0.7226044 1.0
-0.9881806 -1.0
0.61279434 1.0
-0.99807817 -1.0
0.80365294 1.0
-0.9828298 -1.0
0.4957408 1.0
-0.9023787 -1.0
0.36703044 1.0
-0.953226 -1.0
0.44617996 1.0
-0.953787 -1.0
0.43965843 1.0
-0.9989693 -1.0
0.9881844 1.0
-0.9998117 -1.0
0.9977602 1.0
-0.9997282 -1.0
0.997236 1.0
-0.9998851 -1.0
0.9937137 1.0
-0.99966097 -1.0
0.993884 1.0
-0.9998951 -1.0
0.99235034 1.0
-0.98919964 -1.0
0.8870635 1.0
-0.99947494 -1.0
0.9874744 1.0
-0.9999964 -1.0
0.9999329 1.0
-0.99996305 -1.0
0.9986065 1.0
-0.9999591 -1.0
0.9991224 1.0
-0.9999783 -1.0
0.9989984 1.0
-0.99994737 -1.0
0.99700546 1.0
-0.9999 -1.0
0.9946438 1.0
-0.99998343 -1.0
0.9980892 1.0
-0.9999925 -1.0
0.9990958 1.0
-0.9999576 -1.0
0.99829453 1.0
-0.9999908 -1.0
0.99859685 1.0
-0.9999953 -1.0
0.99977845 1.0
-0.9999872 -1.0
0.99580085 1.0
-0.9999937 -1.0
0.9998303 1.0
-0.99997765 -1.0
0.9974543 1.0
-0.99998575 -1.0
0.9991248 1.0
-0.99996924 -1.0
0.99537444 1.0
-0.999984 -1.0
0.99548924 1.0
-0.99957573 -1.0
0.9739957 1.0
-0.9999201 -1.0
0.9916365 1.0
-0.99988115 -1.0
0.9720413 1.0
-0.9978875 -1.0
0.9274209 1.0
-0.9997594 -1.0
0.8637541 1.0
-0.9997618 -1.0
0.98369825 1.0
-0.99975246 -1.0
0.9042637 1.0
-0.99723417 -1.0
0.8511672 1.0
-0.9995098 -1.0
0.8633145 1.0
-0.99987066 -1.0
0.99596846 1.0
-0.99971014 -1.0
0.9728252 1.0
-0.99993324 -1.0
0.9878382 1.0
-0.9999077 -1.0
0.96195436 1.0
-0.99981534 -1.0
0.99053943 1.0
-0.9982732 -1.0
0.92382926 1.0
-0.9986646 -1.0
0.921076 1.0
-0.99910676 -1.0
0.8914376 1.0
-0.9998309 -1.0
0.98443526 1.0
-0.99953383 -1.0
0.883954 1.0
-0.9982993 -1.0
0.94026077 1.0
-0.99906826 -1.0
0.9763858 1.0
-0.9999187 -1.0
0.99865884 1.0
-0.9992452 -1.0
0.98081774 1.0
-0.99956405 -1.0
0.99387014 1.0
-0.99942976 -1.0
0.9951914 1.0
-0.9999746 -1.0
0.99959594 1.0
-0.9998469 -1.0
0.99229866 1.0
-0.9999006 -1.0
0.99771106 1.0
-0.9998738 -1.0
0.997796 1.0
-0.9999842 -1.0
0.99945 1.0
-0.99993384 -1.0
0.99383354 1.0
-0.99991846 -1.0
0.9986207 1.0
-0.99993336 -1.0
0.9977267 1.0
-0.9999897 -1.0
0.9997359 1.0
-0.999836 -1.0
0.9963188 1.0
-0.9999311 -1.0
0.99870616 1.0
-0.9999405 -1.0
0.99855614 1.0
-0.9999924 -1.0
0.9996366 1.0
-0.99996763 -1.0
0.99588484 1.0
-0.99994946 -1.0
0.9982569 1.0
-0.999975 -1.0
0.9992304 1.0
-0.99999636 -1.0
0.9997993 1.0
-0.9999465 -1.0
0.998832 1.0
-0.99996907 -1.0
0.9986358 1.0
-0.999988 -1.0
0.99932534 1.0
-0.99999714 -1.0
0.9998363 1.0
-0.99999064 -1.0
0.99917173 1.0
-0.9999828 -1.0
0.9991728 1.0
-0.9999827 -1.0
0.99902946 1.0
-0.99999774 -1.0
0.99975485 1.0
-0.9999766 -1.0
0.9984802 1.0
-0.9999843 -1.0
0.99925673 1.0
-0.999979 -1.0
0.99926794 1.0
-0.99999815 -1.0
0.9998019 1.0
-0.9999807 -1.0
0.9980141 1.0
-0.9999882 -1.0
0.9996288 1.0
-0.9999842 -1.0
0.9988938 1.0
-0.9999985 -1.0
0.9998358 1.0
-0.9999888 -1.0
0.9985692 1.0
-0.999988 -1.0
0.9995937 1.0
-0.99999297 -1.0
0.9992727 1.0
-0.9999982 -1.0
0.999871 1.0
-0.9999913 -1.0
0.9993677 1.0
-0.9999942 -1.0
0.9993824 1.0
-0.9999912 -1.0
0.9996479 1.0
-0.999999 -1.0
0.9998699 1.0
-0.99998987 -1.0
0.9993165 1.0
-0.9999924 -1.0
0.9994542 1.0
-0.99999297 -1.0
0.99966407 1.0
-0.9999993 -1.0
0.99987566 1.0
-0.9999868 -1.0
0.9990217 1.0
-0.9999957 -1.0
0.999632 1.0
-0.99999356 -1.0
0.9998165 1.0
-0.99999917 -1.0
0.9999076 1.0
-0.99999106 -1.0
0.99933964 1.0
-0.99999434 -1.0
0.99984854 1.0
-0.9999966 -1.0
0.9998905 1.0
-0.9999992 -1.0
0.9999814 1.0
-0.99999726 -1.0
0.9997885 1.0
-0.9999965 -1.0
0.9999255 1.0
-0.9999953 -1.0
0.99983734 1.0
-0.99999774 -1.0
0.99990594 1.0
-0.9999934 -1.0
0.999636 1.0
-0.99998844 -1.0
0.99965 1.0
-0.9999812 -1.0
0.999539 1.0
-0.9999847 -1.0
0.999434 1.0
-0.9999088 -1.0
0.99744725 1.0
-0.99994093 -1.0
0.9978596 1.0
-0.99994504 -1.0
0.99915075 1.0
-0.9999944 -1.0
0.9996967 1.0
-0.9999585 -1.0
0.99866307 1.0
-0.9999732 -1.0
0.99930227 1.0
-0.99996203 -1.0
0.99950945 1.0
-0.9999959 -1.0
0.9998692 1.0
-0.9999609 -1.0
0.9980451 1.0
-0.99998534 -1.0
0.99958026 1.0
-0.99996716 -1.0
0.999333 1.0
-0.999996 -1.0
0.9998612 1.0
-0.99998903 -1.0
0.9992138 1.0
-0.99989486 -1.0
0.997054 1.0
-0.99997026 -1.0
0.99859583 1.0
-0.99998057 -1.0
0.99958426 1.0
-0.9999289 -1.0
0.99683887 1.0
-0.99991816 -1.0
0.99794537 1.0
-0.9998894 -1.0
0.99491745 1.0
-0.99994254 -1.0
0.99823487 1.0
-0.99983263 -1.0
0.9875823 1.0
-0.9997419 -1.0
0.99356776 1.0
-0.99980074 -1.0
0.9945901 1.0
-0.9999804 -1.0
0.99818486 1.0
-0.99986243 -1.0
0.9924996 1.0
-0.9998756 -1.0
0.9965233 1.0
-0.99992853 -1.0
0.9939243 1.0
-0.99998295 -1.0
0.99938333 1.0
-0.9999633 -1.0
0.9965617 1.0
-0.99994653 -1.0
0.99792206 1.0
-0.9999361 -1.0
0.99738264 1.0
-0.999984 -1.0
0.9993171 1.0
-0.9998678 -1.0
0.9928649 1.0
-0.9998957 -1.0
0.9966986 1.0
-0.99984163 -1.0
0.9963894 1.0
-0.99991906 -1.0
0.9977249 1.0
-0.9997664 -1.0
0.9873926 1.0
-0.99964505 -1.0
0.996178 1.0
-0.99988806 -1.0
0.9968895 1.0
-0.9999711 -1.0
0.9990597 1.0
-0.9998988 -1.0
0.9950286 1.0
-0.9998306 -1.0
0.9973128 1.0
-0.9997802 -1.0
0.996135 1.0
-0.9999684 -1.0
0.9990606 1.0
-0.99992186 -1.0
0.9965643 1.0
-0.9998594 -1.0
0.9962992 1.0
-0.9998141 -1.0
0.99440396 1.0
-0.9999058 -1.0
0.9980848 1.0
-0.99973214 -1.0
0.9867258 1.0
-0.999596 -1.0
0.99321795 1.0
-0.99979144 -1.0
0.99529076 1.0
-0.9999235 -1.0
0.9990623 1.0
-0.9995654 -1.0
0.986124 1.0
-0.9997095 -1.0
0.9965726 1.0
-0.99976104 -1.0
0.99692714 1.0
-0.9999812 -1.0
0.999078 1.0
-0.999826 -1.0
0.99401987 1.0
-0.9998771 -1.0
0.99838406 1.0
-0.99996257 -1.0
0.99912024 1.0
-0.9999784 -1.0
0.99980444 1.0
-0.9999474 -1.0
0.99849063 1.0
-0.99993324 -1.0
0.99940634 1.0
-0.99989617 -1.0
0.9983165 1.0
-0.99992317 -1.0
0.999579 1.0
-0.9996429 -1.0
0.99405056 1.0
-0.9997786 -1.0
0.9979689 1.0
-0.9998484 -1.0
0.99938893 1.0
-0.9999661 -1.0
0.9997545 1.0
-0.9999365 -1.0
0.9990286 1.0
-0.9996499 -1.0
0.9958846 1.0
-0.999717 -1.0
0.99915695 1.0
-0.9996335 -1.0
0.99885345 1.0
-0.99920064 -1.0
0.99622303 1.0
-0.9995464 -1.0
0.9969812 1.0
-0.9996507 -1.0
0.9985263 1.0
-0.9998742 -1.0
0.9990174 1.0
-0.99944586 -1.0
0.9958219 1.0
-0.9977882 -1.0
0.9852437 1.0
-0.9984827 -1.0
0.99177676 1.0
-0.9996282 -1.0
0.996739 1.0
-0.9985348 -1.0
0.98928094 1.0
-0.99800324 -1.0
0.9889388 1.0
0.57672614 1.0
-0.85037845 -1.0
0.508247 1.0
-0.7836486 -1.0
0.47417238 1.0
-0.7529909 -1.0
-0.38323855 1.0
-0.21580274 -1.0
-0.22090894 1.0
-0.26931202 -1.0
-0.30181265 1.0
0.12759693 -1.0
-0.37725776 1.0
0.39930865 -1.0
-0.42545602 1.0
-0.15741262 -1.0
-0.5522241 1.0
0.22066908 -1.0
-0.47931856 1.0
0.091034636 -1.0
-0.49616435 1.0
0.36907434 -1.0
-0.43064895 1.0
0.13273844 -1.0
-0.6237011 1.0
0.1008208 -1.0
-0.14781737 1.0
-0.18329331 -1.0
-0.24455297 1.0
-0.08868335 -1.0
-0.24490543 1.0
-0.08337629 -1.0
-0.51803553 1.0
-0.26410463 -1.0
-0.15329495 1.0
-0.1253608 -1.0
0.41184053 1.0
-0.56194973 -1.0
0.49216014 1.0
-0.44886157 -1.0
0.19136307 1.0
-0.2776409 -1.0
0.52468467 1.0
-0.44062206 -1.0
0.8135397 1.0
-0.56194973 -1.0
0.76661277 1.0
-0.56194973 -1.0
0.30333188 1.0
-0.56194973 -1.0
0.7474876 1.0
-0.55180365 -1.0
0.91202384 1.0
-0.56194973 -1.0
0.8554095 1.0
-0.56194973 -1.0
0.8138058 1.0
-0.56194973 -1.0
0.822528 1.0
-0.56194973 -1.0
0.9423093 1.0
-0.56194973 -1.0
0.9571122 1.0
-0.56194973 -1.0
0.519829 1.0
-0.56194973 -1.0
0.92546606 1.0
-0.56194973 -1.0
0.8703141 1.0
-0.56194973 -1.0
0.8200438 1.0
-0.56194973 -1.0
0.25608227 1.0
-0.2725512 -1.0
0.73894227 1.0
-0.56194973 -1.0
0.4186958 1.0
-0.47065 -1.0
0.47464976 1.0
-0.34407088 -1.0
0.21200639 1.0
-0.39300704 -1.0
0.5465511 1.0
-0.56194973 -1.0
0.46261436 1.0
-0.56194973 -1.0
0.050586276 1.0
-0.5195469 -1.0
-0.11035399 1.0
-0.4609897 -1.0
0.59516984 1.0
-0.56194973 -1.0
0.48900315 1.0
-0.56194973 -1.0
0.465708 1.0
-0.56194973 -1.0
0.22300008 1.0
-0.56194973 -1.0
0.628436 1.0
-0.56194973 -1.0
0.8481962 1.0
-0.56194973 -1.0
0.76537085 1.0
-0.56194973 -1.0
0.6147231 1.0
-0.56194973 -1.0
0.72069025 1.0
-0.56194973 -1.0
0.9295949 1.0
-0.56194973 -1.0
0.90539426 1.0
-0.56194973 -1.0
0.8618656 1.0
-0.56194973 -1.0
0.7948762 1.0
-0.56194973 -1.0
0.95678735 1.0
-0.56194973 -1.0
0.9485447 1.0
-0.56194973 -1.0
0.7529357 1.0
-0.56194973 -1.0
0.9334795 1.0
-0.56194973 -1.0
0.9851857 1.0
-0.56194973 -1.0
0.9611729 1.0
-0.56194973 -1.0
0.89452046 1.0
-0.56194973 -1.0
0.95840144 1.0
-0.56194973 -1.0
0.9439838 1.0
-0.56194973 -1.0
0.90728295 1.0
-0.56194973 -1.0
0.83403164 1.0
-0.56194973 -1.0
0.87814164 1.0
-0.56194973 -1.0
0.9705841 1.0
-0.56194973 -1.0
0.94842064 1.0
-0.56194973 -1.0
0.8220651 1.0
-0.56194973 -1.0
0.9317819 1.0
-0.56194973 -1.0
0.98475844 1.0
-0.56194973 -1.0
0.9779502 1.0
-0.56194973 -1.0
0.9430941 1.0
-0.56194973 -1.0
0.95790505 1.0
-0.56194973 -1.0
0.97995347 1.0
-0.56194973 -1.0
0.97930694 1.0
-0.56194973 -1.0
0.96288645 1.0
-0.56194973 -1.0
0.98891836 1.0
-0.56194973 -1.0
0.994226 1.0
-0.56194973 -1.0
0.9954898 1.0
-0.56194973 -1.0
0.985332 1.0
-0.56194973 -1.0
0.99379426 1.0
-0.56194973 -1.0
0.9962153 1.0
-0.56194973 -1.0
0.9970076 1.0
-0.56194973 -1.0
0.9867146 1.0
-0.56194973 -1.0
0.9946751 1.0
-0.56194973 -1.0
0.9978101 1.0
-0.56194973 -1.0
0.9976745 1.0
-0.56194973 -1.0
0.99214906 1.0
-0.56194973 -1.0
0.9946359 1.0
-0.56194973 -1.0
0.998673 1.0
-0.56194973 -1.0
0.9974579 1.0
-0.56194973 -1.0
0.9945858 1.0
-0.56194973 -1.0
0.99654615 1.0
-0.56194973 -1.0
0.99906415 1.0
-0.56194973 -1.0
0.9977241 1.0
-0.56194973 -1.0
0.9930016 1.0
-0.56194973 -1.0
0.99540883 1.0
-0.56194973 -1.0
0.9988874 1.0
-0.56194973 -1.0
0.9972864 1.0
-0.56194973 -1.0
0.9930055 1.0
-0.56194973 -1.0
0.99734783 1.0
-0.56194973 -1.0
0.99887556 1.0
-0.56194973 -1.0
0.9992331 1.0
-0.56194973 -1.0
0.9957182 1.0
-0.56194973 -1.0
0.9975461 1.0
-0.56194973 -1.0
0.9986998 1.0
-0.56194973 -1.0
0.9978076 1.0
-0.56194973 -1.0
0.9945381 1.0
-0.56194973 -1.0
0.9983129 1.0
-0.56194973 -1.0
0.9993778 1.0
-0.56194973 -1.0
0.99893385 1.0
-0.56194973 -1.0
0.99339265 1.0
-0.56194973 -1.0
0.9989124 1.0
-0.56194973 -1.0
0.9993119 1.0
-0.56194973 -1.0
0.9994323 1.0
-0.56194973 -1.0
0.99612963 1.0
-0.56194973 -1.0
0.9993564 1.0
-0.56194973 -1.0
0.9996192 1.0
-0.56194973 -1.0
0.99938875 1.0
-0.56194973 -1.0
0.99710995 1.0
-0.56194973 -1.0
0.99916065 1.0
-0.56194973 -1.0
0.9993133 1.0
-0.56194973 -1.0
0.99967676 1.0
-0.56194973 -1.0
0.9977587 1.0
-0.56194973 -1.0
0.99934584 1.0
-0.56194973 -1.0
0.9996328 1.0
-0.56194973 -1.0
0.9995913 1.0
-0.56194973 -1.0
0.99878806 1.0
-0.56194973 -1.0
0.99915826 1.0
-0.56194973 -1.0
0.999677 1.0
-0.56194973 -1.0
0.9998097 1.0
-0.56194973 -1.0
0.99929756 1.0
-0.56194973 -1.0
0.99947655 1.0
-0.56194973 -1.0
0.99970365 1.0
-0.56194973 -1.0
0.9997736 1.0
-0.56194973 -1.0
0.999343 1.0
-0.56194973 -1.0
0.9993241 1.0
-0.56194973 -1.0
0.99968016 1.0
-0.56194973 -1.0
0.9997166 1.0
-0.56194973 -1.0
0.9992072 1.0
-0.56194973 -1.0
0.9974756 1.0
-0.56194973 -1.0
0.9994529 1.0
-0.56194973 -1.0
0.9992791 1.0
-0.56194973 -1.0
0.99843645 1.0
-0.56194973 -1.0
0.99908423 1.0
-0.56194973 -1.0
0.998424 1.0
-0.56194973 -1.0
0.9986068 1.0
-0.56194973 -1.0
0.9947009 1.0
-0.56194973 -1.0
0.9973583 1.0
-0.56194973 -1.0
0.99605113 1.0
-0.56194973 -1.0
0.99060774 1.0
-0.56194973 -1.0
0.9798036 1.0
-0.56194973 -1.0
0.99369 1.0
-0.56194973 -1.0
0.99386656 1.0
-0.56194973 -1.0
0.9767464 1.0
-0.56194973 -1.0
0.91393334 1.0
-0.56194973 -1.0
0.9886829 1.0
-0.56194973 -1.0
0.9747363 1.0
-0.56194973 -1.0
0.97429013 1.0
-0.56194973 -1.0
0.932156 1.0
-0.56194973 -1.0
0.9711967 1.0
-0.56194973 -1.0
0.989125 1.0
-0.56194973 -1.0
0.9887786 1.0
-0.56194973 -1.0
0.9509308 1.0
-0.56194973 -1.0
0.9665438 1.0
-0.56194973 -1.0
0.9802496 1.0
-0.56194973 -1.0
0.99277294 1.0
-0.56194973 -1.0
0.9685254 1.0
-0.56194973 -1.0
0.9860747 1.0
-0.56194973 -1.0
0.9927483 1.0
-0.56194973 -1.0
0.99603564 1.0
-0.56194973 -1.0
0.97213155 1.0
-0.56194973 -1.0
0.98627776 1.0
-0.56194973 -1.0
0.99513525 1.0
-0.56194973 -1.0
0.996642 1.0
-0.56194973 -1.0
0.98556966 1.0
-0.56194973 -1.0
0.98649776 1.0
-0.56194973 -1.0
0.99498355 1.0
-0.56194973 -1.0
0.99761724 1.0
-0.56194973 -1.0
0.9932077 1.0
-0.56194973 -1.0
0.99073786 1.0
-0.56194973 -1.0
0.9969997 1.0
-0.56194973 -1.0
0.99658877 1.0
-0.56194973 -1.0
0.9858847 1.0
-0.56194973 -1.0
0.9891655 1.0
-0.56194973 -1.0
0.99821365 1.0
-0.56194973 -1.0
0.99611956 1.0
-0.56194973 -1.0
0.9908918 1.0
-0.56194973 -1.0
0.9951754 1.0
-0.56194973 -1.0
0.998087 1.0
-0.56194973 -1.0
0.9987264 1.0
-0.56194973 -1.0
0.9981718 1.0
-0.56194973 -1.0
0.9985756 1.0
-0.56194973 -1.0
0.99911904 1.0
-0.56194973 -1.0
0.9991654 1.0
-0.56194973 -1.0
0.9984797 1.0
-0.56194973 -1.0
0.9982408 1.0
-0.56194973 -1.0
0.99849594 1.0
-0.56194973 -1.0
0.9972722 1.0
-0.56194973 -1.0
0.9967396 1.0
-0.433378 -1.0
0.99727905 1.0
-0.56194973 -1.0
0.9924882 1.0
-0.56194973 -1.0
0.9938093 1.0
-0.56194973 -1.0
0.9763352 1.0
-0.56194973 -1.0
0.98750365 1.0
-0.56194973 -1.0
0.9911319 1.0
-0.56194973 -1.0
0.9973399 1.0
-0.56194973 -1.0
0.9953479 1.0
-0.56194973 -1.0
0.99803066 1.0
-0.56194973 -1.0
0.99838144 1.0
-0.56194973 -1.0
0.99878424 1.0
-0.56194973 -1.0
0.9985511 1.0
-0.56194973 -1.0
0.99673676 1.0
-0.56194973 -1.0
0.99882954 1.0
-0.56194973 -1.0
0.9994078 1.0
-0.56194973 -1.0
0.9982643 1.0
-0.56194973 -1.0
0.99918914 1.0
-0.56194973 -1.0
0.9995116 1.0
-0.56194973 -1.0
0.9997898 1.0
-0.56194973 -1.0
0.9992323 1.0
-0.56194973 -1.0
0.99139965 1.0
-0.56194973 -1.0
0.99664587 1.0
-0.56194973 -1.0
0.9732724 1.0
-0.56194973 -1.0
0.8724677 1.0
-0.56194973 -1.0
0.89271027 1.0
-0.56194973 -1.0
0.9763503 1.0
-0.56194973 -1.0
0.9709219 1.0
-0.56194973 -1.0
0.8779452 1.0
-0.56194973 -1.0
0.97866994 1.0
-0.56194973 -1.0
0.99586385 1.0
-0.56194973 -1.0
0.9453225 1.0
-0.56194973 -1.0
0.9343258 1.0
-0.56194973 -1.0
0.8355222 1.0
-0.56194973 -1.0
0.97813755 1.0
-0.56194973 -1.0
0.9430969 1.0
-0.56194973 -1.0
0.93325895 1.0
-0.56194973 -1.0
0.95201087 1.0
-0.56194973 -1.0
0.99146765 1.0
-0.56194973 -1.0
0.98792934 1.0
-0.56194973 -1.0
0.95831996 1.0
-0.56194973 -1.0
0.98758847 1.0
-0.56194973 -1.0
0.9949843 1.0
-0.56194973 -1.0
0.98661435 1.0
-0.56194973 -1.0
0.9789942 1.0
-0.56194973 -1.0
0.9919854 1.0
-0.56194973 -1.0
0.9973214 1.0
-0.56194973 -1.0
0.9961043 1.0
-0.56194973 -1.0
0.9817848 1.0
-0.56194973 -1.0
0.9816843 1.0
-0.56194973 -1.0
-0.7138947 -1.0
0.29106155 1.0
-0.72832984 -1.0
0.21644007 1.0
-0.58700025 -1.0
0.4505428 1.0
-0.88302886 -1.0
0.6184395 1.0
-0.9223214 -1.0
0.71639663 1.0
-0.88965756 -1.0
0.74090123 1.0
-0.8998604 -1.0
0.7955892 1.0
-0.9757757 -1.0
0.8643458 1.0
-0.9692829 -1.0
0.85473335 1.0
-0.9819423 -1.0
0.9212262 1.0
-0.9822619 -1.0
0.93734765 1.0
-0.99108243 -1.0
0.96293324 1.0
-0.99610484 -1.0
0.9428908 1.0
-0.9981897 -1.0
0.96109253 1.0
-0.98300576 -1.0
0.9666118 1.0
-0.74916375 -1.0
0.38498536 1.0
-0.97737265 -1.0
0.7063462 1.0
-0.56194973 -1.0
0.5350901 1.0
-0.56194973 -1.0
0.2513443 1.0
-0.982015 -1.0
0.6269894 1.0
-0.98840135 -1.0
0.73505056 1.0
-0.99254364 -1.0
0.91508025 1.0
-0.9878945 -1.0
0.5385954 1.0
-0.9999329 -1.0
0.974262 1.0
-0.99990404 -1.0
0.995821 1.0
-0.9998771 -1.0
0.96741796 1.0
-0.99997 -1.0
0.99852115 1.0
-0.99999505 -1.0
0.99788004 1.0
-0.9999974 -1.0
0.99880385 1.0
-0.99997795 -1.0
0.9971638 1.0
-0.9999964 -1.0
0.99919784 1.0
-0.99999243 -1.0
0.99734074 1.0
-1.0 -1.0
0.99997604 1.0
-0.99999964 -1.0
0.9999498 1.0
-1.0 -1.0
0.9999976 1.0
-1.0 -1.0
1.0 1.0
-1.0 -1.0
0.99999976 1.0
-1.0 -1.0
1.0 1.0
-1.0 -1.0
1.0 1.0
-1.0 -1.0
1.0 1.0
-1.0 -1.0
1.0 1.0
-1.0 -1.0
1.0 1.0
-1.0 -1.0
1.0 1.0
-1.0 -1.0
0.9999982 1.0
-1.0 -1.0
0.999993 1.0
-1.0 -1.0
0.9999903 1.0
-1.0 -1.0
0.99999905 1.0
-1.0 -1.0
0.9999993 1.0
-1.0 -1.0
0.9999985 1.0
-1.0 -1.0
0.99999374 1.0
-1.0 -1.0
0.99999887 1.0
-1.0 -1.0
0.999996 1.0
-1.0 -1.0
0.99998903 1.0
-1.0 -1.0
0.99999434 1.0
-1.0 -1.0
0.99997973 1.0
-1.0 -1.0
0.99995357 1.0
-1.0 -1.0
0.9997871 1.0
-1.0 -1.0
0.999744 1.0
-1.0 -1.0
0.9997402 1.0
-1.0 -1.0
0.9989591 1.0
-1.0 -1.0
0.99949574 1.0
-1.0 -1.0
0.9987903 1.0
-0.99999964 -1.0
0.9994994 1.0
-0.9999995 -1.0
0.9982479 1.0
-0.9999997 -1.0
0.99924505 1.0
-0.9999982 -1.0
0.9977213 1.0
-0.99999785 -1.0
0.99763066 1.0
-0.9999984 -1.0
0.99604505 1.0
-0.99999803 -1.0
0.9962863 1.0
-0.999995 -1.0
0.9968091 1.0
-0.99999803 -1.0
0.9983024 1.0
-0.99999857 -1.0
0.9961664 1.0
-0.9999989 -1.0
0.99563354 1.0
-0.9999968 -1.0
0.99745 1.0
-0.99999917 -1.0
0.9992544 1.0
-0.999999 -1.0
0.99712485 1.0
-0.99999875 -1.0
0.9987418 1.0
-0.99999636 -1.0
0.9962954 1.0
-0.99999845 -1.0
0.999276 1.0
-0.9999989 -1.0
0.99861956 1.0
-0.99999917 -1.0
0.9991069 1.0
-0.99999774 -1.0
0.99827975 1.0
-0.9999997 -1.0
0.99956906 1.0
-0.99999934 -1.0
0.9989822 1.0
-0.9999995 -1.0
0.9992338 1.0
-0.99999875 -1.0
0.9995685 1.0
-0.99999964 -1.0
0.9997703 1.0
-0.99999934 -1.0
0.9992189 1.0
-1.0 -1.0
0.9992288 1.0
-0.9999989 -1.0
0.9992496 1.0
-0.99999917 -1.0
0.99969006 1.0
-0.9999992 -1.0
0.9993768 1.0
-0.9999998 -1.0
0.9996946 1.0
-0.9999986 -1.0
0.9994828 1.0
-0.9999956 -1.0
0.99905956 1.0
-0.999989 -1.0
0.99726343 1.0
-0.9999978 -1.0
0.99924755 1.0
-0.99999326 -1.0
0.99858266 1.0
-0.99996805 -1.0
0.9976403 1.0
-0.9998892 -1.0
0.99533445 1.0
-0.9998237 -1.0
0.9952654 1.0
-0.9999617 -1.0
0.99910355 1.0
-0.99958193 -1.0
0.9973449 1.0
-0.99955994 -1.0
0.9957419 1.0
-0.9996251 -1.0
0.9957583 1.0
-0.9995465 -1.0
0.9979382 1.0
-0.9997479 -1.0
0.99883795 1.0
-0.99988294 -1.0
0.9976957 1.0
-0.9997847 -1.0
0.9979502 1.0
-0.9994414 -1.0
0.9973848 1.0
-0.99962205 -1.0
0.99667394 1.0
-0.99932283 -1.0
0.99173784 1.0
-0.99901 -1.0
0.9933292 1.0
-0.999016 -1.0
0.9870506 1.0
-0.9976767 -1.0
0.9849397 1.0
-0.9954523 -1.0
0.9584445 1.0
-0.99733037 -1.0
0.9638862 1.0
-0.9963531 -1.0
0.96014726 1.0
-0.9957601 -1.0
0.9512711 1.0
-0.99610066 -1.0
0.90642077 1.0
-0.99282885 -1.0
0.8726148 1.0
-0.952578 -1.0
0.82497513 1.0
-0.9615302 -1.0
0.731765 1.0
-0.9207344 -1.0
0.4229095 1.0
-0.96373665 -1.0
0.5056051 1.0
-0.9079954 -1.0
0.869437 1.0
-0.99323225 -1.0
0.9591001 1.0
-0.9843513 -1.0
0.8652621 1.0
-0.99532294 -1.0
0.91607 1.0
-0.9834392 -1.0
0.9622531 1.0
-0.9950141 -1.0
0.9790979 1.0
-0.99190384 -1.0
0.93556625 1.0
-0.99462 -1.0
0.9569411 1.0
-0.9903848 -1.0
0.9820462 1.0
-0.9806099 -1.0
0.95628506 1.0
-0.9538288 -1.0
0.88151765 1.0
-0.98081505 -1.0
0.87875706 1.0
-0.9543954 -1.0
0.97743803 1.0
-0.99497813 -1.0
0.9918288 1.0
-0.99376464 -1.0
0.9740634 1.0
-0.99852973 -1.0
0.9858636 1.0
-0.99256897 -1.0
0.98716825 1.0
-0.9996509 -1.0
0.99716526 1.0
-0.9992988 -1.0
0.9935863 1.0
-0.99992245 -1.0
0.99498105 1.0
-0.99952614 -1.0
0.995193 1.0
-0.9999741 -1.0
0.9985246 1.0
-0.9999475 -1.0
0.996055 1.0
-0.9999939 -1.0
0.99823344 1.0
-0.9999008 -1.0
0.9966505 1.0
-0.9999904 -1.0
0.9995201 1.0
-0.99999654 -1.0
0.9988586 1.0
-0.99999577 -1.0
0.9987548 1.0
-0.99997467 -1.0
0.9981356 1.0
-0.99996406 -1.0
0.99760556 1.0
-0.999963 -1.0
0.9916896 1.0
-0.9999759 -1.0
0.993837 1.0
-0.99992484 -1.0
0.99731314 1.0
-0.99998987 -1.0
0.9992713 1.0
-0.99999064 -1.0
0.99786454 1.0
-0.99999577 -1.0
0.99844825 1.0
-0.9999715 -1.0
0.9983672 1.0
-0.99999636 -1.0
0.9995594 1.0
-0.99999654 -1.0
0.9979093 1.0
-0.9999964 -1.0
0.998333 1.0
-0.9999927 -1.0
0.99964994 1.0
-0.99999833 -1.0
0.99982977 1.0
-0.999999 -1.0
0.9993711 1.0
-0.9999982 -1.0
0.999152 1.0
-0.9999972 -1.0
0.99973524 1.0
-0.9999991 -1.0
0.99988526 1.0
-0.9999991 -1.0
0.9997755 1.0
-0.9999998 -1.0
0.9997746 1.0
-0.9999944 -1.0
0.99965996 1.0
-0.9999985 -1.0
0.99988973 1.0
-0.9999979 -1.0
0.9995057 1.0
-0.9999985 -1.0
0.99962026 1.0
-0.9999985 -1.0
0.99977994 1.0
-0.9999965 -1.0
0.9994853 1.0
-0.99998665 -1.0
0.99867713 1.0
-0.9999956 -1.0
0.9985068 1.0
-0.99998873 -1.0
0.9995826 1.0
-0.9999978 -1.0
0.99971515 1.0
-0.99999 -1.0
0.9991697 1.0
-0.999997 -1.0
0.99891067 1.0
-0.9999897 -1.0
0.9998241 1.0
-0.99999547 -1.0
0.99978733 1.0
-0.9999868 -1.0
0.9996473 1.0
-0.9999947 -1.0
0.99946326 1.0
-0.999992 -1.0
0.9997803 1.0
-0.9999507 -1.0
0.99969363 1.0
-0.9999301 -1.0
0.9988637 1.0
-0.99996537 -1.0
0.99884856 1.0
-0.99986666 -1.0
0.9993842 1.0
-0.9999642 -1.0
0.9997735 1.0
-0.99993557 -1.0
0.9988887 1.0
-0.9999723 -1.0
0.9988854 1.0
-0.99990577 -1.0
0.9996798 1.0
-0.9999797 -1.0
0.99984187 1.0
-0.99991304 -1.0
0.9996343 1.0
-0.9999802 -1.0
0.9996808 1.0
-0.9999045 -1.0
0.9997743 1.0
-0.9999816 -1.0
0.9999317 1.0
-0.9999372 -1.0
0.9997639 1.0
-0.99997914 -1.0
0.9997409 1.0
-0.99996537 -1.0
0.9998348 1.0
-0.99988204 -1.0
0.9997652 1.0
-0.9998134 -1.0
0.9994482 1.0
-0.9998751 -1.0
0.99905103 1.0
-0.99966824 -1.0
0.99940354 1.0
-0.9999933 -1.0
0.99978614 1.0
-0.99998176 -1.0
0.99958235 1.0
-0.9999946 -1.0
0.99959505 1.0
-0.9999586 -1.0
0.9993585 1.0
-0.9999934 -1.0
0.99979 1.0
-0.99998194 -1.0
0.99911475 1.0
-0.99999344 -1.0
0.9993742 1.0
-0.99998564 -1.0
0.9996256 1.0
-0.99993455 -1.0
0.99875814 1.0
-0.99972725 -1.0
0.9958632 1.0
-0.99987864 -1.0
0.996272 1.0
-0.99975806 -1.0
0.9979976 1.0
-0.9994451 -1.0
0.9962299 1.0
-0.9987039 -1.0
0.98335123 1.0
-0.9993815 -1.0
0.9871357 1.0
-0.9981908 -1.0
0.9964558 1.0
-0.99971944 -1.0
0.9986213 1.0
-0.9992348 -1.0
0.9934688 1.0
-0.9996581 -1.0
0.99189395 1.0
-0.9997567 -1.0
0.998529 1.0
-0.9999618 -1.0
0.99919176 1.0
-0.9999396 -1.0
0.99817014 1.0
-0.999962 -1.0
0.9987891 1.0
-0.9996369 -1.0
0.99856627 1.0
-0.9999875 -1.0
0.99954295 1.0
-0.99994713 -1.0
0.998466 1.0
-0.9999837 -1.0
0.9982221 1.0
-0.99996084 -1.0
0.9995055 1.0
-0.99998945 -1.0
0.9997616 1.0
-0.99997544 -1.0
0.99908876 1.0
-0.9999867 -1.0
0.99945724 1.0
-0.99997294 -1.0
0.99971473 1.0
-0.99998987 -1.0
0.9999063 1.0
-0.9999811 -1.0
0.9995251 1.0
-0.9999861 -1.0
0.9996068 1.0
-0.99997884 -1.0
0.9998448 1.0
-0.9999921 -1.0
0.99994487 1.0
-0.99998313 -1.0
0.99966973 1.0
-0.9999936 -1.0
0.99968076 1.0
-0.99999106 -1.0
0.9999114 1.0
-0.9999953 -1.0
0.9999476 1.0
-0.9999938 -1.0
0.999808 1.0
-0.9999845 -1.0
0.999515 1.0
-0.9999951 -1.0
0.9996422 1.0
-0.9999868 -1.0
0.999432 1.0
-0.99998486 -1.0
0.99876314 1.0
-0.9999781 -1.0
0.9962473 1.0
-0.99998623 -1.0
0.9983762 1.0
-0.99999756 -1.0
0.99949855 1.0
-0.99999774 -1.0
0.9985753 1.0
-0.99999756 -1.0
0.99672705 1.0
-0.9999954 -1.0
0.9986986 1.0
-0.9999995 -1.0
0.9994841 1.0
-0.9999984 -1.0
0.99900395 1.0
-0.9999991 -1.0
0.9987996 1.0
-0.99999774 -1.0
0.9983105 1.0
-0.999992 -1.0
0.9979145 1.0
-0.99998814 -1.0
0.99116766 1.0
-0.9999913 -1.0
0.98944414 1.0
-0.99998575 -1.0
0.9933561 1.0
-0.9999434 -1.0
0.98883474 1.0
-0.9999158 -1.0
0.9665736 1.0
-0.9999319 -1.0
0.96423674 1.0
-0.99977046 -1.0
0.9803972 1.0
-0.99999344 -1.0
0.99502397 1.0
-0.99998516 -1.0
0.98317593 1.0
-0.9999916 -1.0
0.98628986 1.0
-0.9999588 -1.0
0.99384886 1.0
-0.9999948 -1.0
0.9977759 1.0
-0.99998754 -1.0
0.99202234 1.0
-0.9999908 -1.0
0.9938931 1.0
-0.99998826 -1.0
0.9982752 1.0
-0.99999744 -1.0
0.9992075 1.0
-0.99999434 -1.0
0.9975811 1.0
-0.9999961 -1.0
0.99808395 1.0
-0.99999344 -1.0
0.99892604 1.0
-0.9999981 -1.0
0.9996093 1.0
-0.9999973 -1.0
0.998556 1.0
-0.99999845 -1.0
0.9990607 1.0
-0.9999931 -1.0
0.99951744 1.0
-0.99999785 -1.0
0.99973536 1.0
-0.99999243 -1.0
0.9993035 1.0
-0.9999969 -1.0
0.99947506 1.0
-0.9999935 -1.0
0.99947757 1.0
-0.999952 -1.0
0.99886936 1.0
-0.99990296 -1.0
0.99644184 1.0
-0.9999673 -1.0
0.9959321 1.0
-0.9998764 -1.0
0.99752665 1.0
-0.9997022 -1.0
0.99670476 1.0
-0.9983155 -1.0
0.9840902 1.0
-0.99941045 -1.0
0.98262185 1.0
-0.997269 -1.0
0.9897629 1.0
-0.99388856 -1.0
0.97984076 1.0
-0.990641 -1.0
0.9646317 1.0
-0.9978473 -1.0
0.9756358 1.0
-0.9807745 -1.0
0.978146 1.0
-0.8042731 -1.0
0.36167648 1.0
-0.81245786 -1.0
0.28822145 1.0
-0.7043296 -1.0
0.5078087 1.0
-0.7897394 -1.0
0.2673106 1.0
-0.831812 -1.0
0.13568722 1.0
-0.71999127 -1.0
0.34323362 1.0
-0.68818045 -1.0
0.3124148 1.0
-0.7434345 -1.0
0.22529335 1.0
-0.74354076 -1.0
0.03538608 1.0
-0.4853387 -1.0
0.5101888 1.0
-0.4036026 -1.0
0.34445626 1.0
-0.6736771 -1.0
0.26207992 1.0
-0.7243994 -1.0
0.08158758 1.0
0.1028119 -1.0
0.1922265 1.0
0.03610983 -1.0
-0.16056705 1.0
0.023012804 -1.0
-0.5998095 1.0
-0.04480816 -1.0
-0.6768732 1.0
0.41164044 -1.0
0.2995769 1.0
0.51806337 -1.0
-0.1204287 1.0
0.39783528 -1.0
-0.6619534 1.0
0.2737343 -1.0
-0.6141278 1.0
0.64021105 -1.0
0.25644532 1.0
0.751212 -1.0
0.16964337 1.0
0.54017246 -1.0
-0.4302537 1.0
0.2439751 -1.0
-0.26840025 1.0
0.6716344 -1.0
0.29131484 1.0
0.47373447 -1.0
0.41020527 1.0
0.45409116 -1.0
-0.36888 1.0
-0.028141337 -1.0
-0.2602505 1.0
0.5943246 -1.0
0.44853082 1.0
0.6653135 -1.0
0.5420161 1.0
0.74705136 -1.0
-0.14666313 1.0
0.2827572 -1.0
0.024443284 1.0
0.7873084 -1.0
0.14063029 1.0
0.57075375 -1.0
0.35384196 1.0
0.6153907 -1.0
-0.35003257 1.0
0.30441472 -1.0
-0.10161823 1.0
0.8708104 -1.0
-0.4860205 1.0
0.7256691 -1.0
-0.1989802 1.0
-0.23382442 -1.0
0.6379804 1.0
-0.49646318 -1.0
0.6999765 1.0
0.035745997 -1.0
0.51069635 1.0
-0.74587786 -1.0
0.29650906 1.0
-0.4033572 -1.0
-0.13748181 1.0
-0.76197094 -1.0
0.028234484 1.0
0.26751116 -1.0
0.5277258 1.0
-0.0727764 -1.0
-0.3244378 1.0
-0.451842 -1.0
-0.5258527 1.0
-0.5574561 -1.0
-0.56194973 1.0
-0.19478083 -1.0
-0.684845 1.0
-0.25863868 -1.0
-0.5773711 1.0
-0.18182021 -1.0
-0.58484703 1.0
-0.41403916 -1.0
-0.5921484 1.0
-0.16486953 -1.0
-0.67073226 1.0
0.12917833 -1.0
-0.56194973 1.0
0.35541928 -1.0
-0.56194973 1.0
0.21263422 -1.0
-0.56194973 1.0
0.20385394 -1.0
-0.26120654 1.0
-0.15142106 -1.0
-0.56194973 1.0
0.15787637 -1.0
-0.56194973 1.0
0.02941707 -1.0
-0.56194973 1.0
0.028424706 -1.0
-0.56194973 1.0
-0.2039135 -1.0
-0.56194973 1.0
0.082202606 -1.0
-0.56194973 1.0
-0.1343454 -1.0
-0.56194973 1.0
-0.123676896 -1.0
-0.56194973 1.0
-0.37480673 -1.0
-0.56194973 1.0
-0.09373489 -1.0
-0.56194973 1.0
-0.26057246 -1.0
-0.56194973 1.0
-0.25154802 -1.0
-0.56194973 1.0
-0.45567238 -1.0
-0.56194973 1.0
-0.26241335 -1.0
-0.56194973 1.0
-0.3891795 -1.0
-0.56194973 1.0
-0.54450655 -1.0
-0.56194973 1.0
-0.56194973 -1.0
-0.4657694 1.0
-0.56194973 -1.0
-0.26095486 1.0
-0.56194973 -1.0
-0.4014416 1.0
-0.56194973 -1.0
-0.33239257 1.0
-0.56194973 -1.0
-0.54485834 1.0
-0.56194973 -1.0
-0.3674904 1.0
-0.56194973 -1.0
-0.4845439 1.0
-0.56194973 -1.0
-0.43002206 1.0
-0.56194973 -1.0
-0.56194973 1.0
-0.56194973 -1.0
-0.40044335 1.0
-0.56194973 -1.0
-0.4935643 1.0
-0.56194973 -1.0
-0.51274556 1.0
-0.56194973 -1.0
-0.56194973 1.0
-0.56194973 -1.0
-0.41054264 1.0
-0.56194973 -1.0
-0.53176963 1.0
-0.56194973 -1.0
-0.5249044 1.0
-0.56194973 -1.0
-0.56194973 1.0
-0.56194973 -1.0
-0.44089139 1.0
-0.56194973 -1.0
-0.3992867 1.0
-0.56194973 -1.0
-0.2803199 1.0
-0.56194973 -1.0
-0.46900377 1.0
-0.56194973 -1.0
-0.23921227 1.0
-0.56194973 -1.0
-0.44126642 1.0
-0.56194973 -1.0
-0.019663598 1.0
-0.56194973 -1.0
0.2616026 1.0
-0.56194973 -1.0
0.5155851 1.0
-0.56194973 -1.0
0.32510963 1.0
-0.56194973 -1.0
0.41918543 1.0
-0.56194973 -1.0
0.5690507 1.0
-0.56194973 -1.0
0.6688151 1.0
-0.56194973 -1.0
0.60498875 1.0
-0.56194973 -1.0
0.5994528 1.0
-0.56194973 -1.0
0.4617964 1.0
-0.56194973 -1.0
0.5792649 1.0
-0.56194973 -1.0
0.4837948 1.0
-0.56194973 -1.0
0.4618518 1.0
-0.56194973 -1.0
0.2790001 1.0
-0.56194973 -1.0
0.4521697 1.0
-0.56194973 -1.0
0.30959925 1.0
-0.56194973 -1.0
0.3271476 1.0
-0.56194973 -1.0
0.13937093 1.0
-0.56194973 -1.0
0.271112 1.0
-0.56194973 -1.0
0.1782301 1.0
-0.56194973 -1.0
0.17792855 1.0
-0.56194973 -1.0
0.018186826 1.0
-0.56194973 -1.0
0.16616125 1.0
-0.56194973 -1.0
0.055920843 1.0
-0.56194973 -1.0
0.14750853 1.0
-0.56194973 -1.0
-0.1496826 1.0
-0.56194973 -1.0
0.13146043 1.0
-0.56194973 -1.0
-0.011220877 1.0
-0.56194973 -1.0
-0.006922134 1.0
-0.56194973 -1.0
-0.19875765 1.0
-0.56194973 -1.0
-0.017036874 1.0
-0.56194973 -1.0
-0.16564769 1.0
-0.56194973 -1.0
-0.12632172 1.0
-0.56194973 -1.0
-0.2904894 1.0
-0.56194973 -1.0
-0.059065647 1.0
-0.56194973 -1.0
0.035776652 1.0
-0.56194973 -1.0
0.15503314 1.0
-0.56194973 -1.0
0.4064483 1.0
-0.56194973 -1.0
0.5205017 1.0
-0.56194973 -1.0
0.59404355 1.0
-0.56194973 -1.0
0.62778044 1.0
-0.56194973 -1.0
0.536608 1.0
-0.56194973 -1.0
0.7580685 1.0
-0.56194973 -1.0
0.70749664 1.0
-0.56194973 -1.0
0.72412026 1.0
-0.56194973 -1.0
0.83842325 1.0
-0.56194973 -1.0
0.8928509 1.0
-0.56194973 -1.0
0.84443694 1.0
-0.56194973 -1.0
0.8523663 1.0
-0.56194973 -1.0
0.9106331 1.0
-0.56194973 -1.0
0.9310064 1.0
-0.56194973 -1.0
0.911505 1.0
-0.56194973 -1.0
0.89949495 1.0
-0.56194973 -1.0
0.85430104 1.0
-0.56194973 -1.0
0.87557477 1.0
-0.56194973 -1.0
0.8481152 1.0
-0.56194973 -1.0
0.8338665 1.0
-0.56194973 -1.0
0.74774104 1.0
-0.56194973 -1.0
0.8131477 1.0
-0.56194973 -1.0
0.74620867 1.0
-0.56194973 -1.0
0.7436918 1.0
-0.56194973 -1.0
0.6519311 1.0
-0.56194973 -1.0
0.7268697 1.0
-0.56194973 -1.0
0.65419555 1.0
-0.56194973 -1.0
0.6360456 1.0
-0.56194973 -1.0
0.5211093 1.0
-0.56194973 -1.0
0.6215203 1.0
-0.56194973 -1.0
0.5327976 1.0
-0.56194973 -1.0
0.51446986 1.0
-0.56194973 -1.0
0.38064384 1.0
-0.56194973 -1.0
0.5049545 1.0
-0.56194973 -1.0
0.40123895 1.0
-0.56194973 -1.0
0.36735177 1.0
-0.56194973 -1.0
0.04959159 1.0
-0.56194973 -1.0
0.18900354 1.0
-0.56194973 -1.0
0.023764543 1.0
-0.56194973 -1.0
0.027905487 1.0
-0.56194973 -1.0
-0.56194973 1.0
-0.46367267 -1.0
-0.42711246 1.0
-0.44178605 -1.0
-0.5570512 1.0
-0.3340213 -1.0
-0.53399986 1.0
-0.06500641 -1.0
-0.56194973 1.0
0.2970474 -1.0
-0.56194973 1.0
0.027813112 -1.0
-0.56194973 1.0
0.0809224 -1.0
-0.56194973 1.0
0.6088921 -1.0
-0.56194973 1.0
0.7739282 -1.0
-0.56194973 1.0
0.62306863 -1.0
-0.56194973 1.0
0.6576014 -1.0
-0.56194973 1.0
0.87054145 -1.0
-0.56194973 1.0
0.9308504 -1.0
-0.56194973 1.0
0.87312984 -1.0
-0.6955546 1.0
0.8888298 -1.0
-0.56194973 1.0
0.92569935 -1.0
-0.58347636 1.0
0.95587456 -1.0
-0.56194973 1.0
0.95724994 -1.0
-0.7240771 1.0
0.95473945 -1.0
-0.74331397 1.0
0.98714346 -1.0
-0.63560456 1.0
0.9919905 -1.0
-0.73458827 1.0
0.9789641 -1.0
-0.7966996 1.0
0.9787217 -1.0
-0.85492295 1.0
0.98976576 -1.0
-0.7033487 1.0
0.9915794 -1.0
-0.7124558 1.0
0.9827589 -1.0
-0.7783085 1.0
0.9788062 -1.0
-0.8444448 1.0
0.91226214 -1.0
-0.5901148 1.0
0.92437494 -1.0
-0.56194973 1.0
0.9100501 -1.0
-0.56194973 1.0
0.890775 -1.0
-0.76846284 1.0
0.748452 -1.0
-0.80104786 1.0
0.87208307 -1.0
-0.61299664 1.0
0.7758934 -1.0
-0.7599412 1.0
0.7851942 -1.0
-0.81087416 1.0
0.8770687 -1.0
-0.6888807 1.0
0.919173 -1.0
-0.68529654 1.0
0.88328904 -1.0
-0.74187833 1.0
0.8639762 -1.0
-0.6429538 1.0
0.79022133 -1.0
-0.7291726 1.0
0.8522201 -1.0
-0.56194973 1.0
0.74119765 -1.0
-0.7229625 1.0
0.71583194 -1.0
-0.6864687 1.0
0.183311 -1.0
-0.7292909 1.0
0.38371915 -1.0
-0.5566658 1.0
0.11879164 -1.0
-0.5151317 1.0
0.06609967 -1.0
-0.8124258 1.0
-0.5152768 -1.0
-0.5332209 1.0
-0.292801 -1.0
0.1290172 1.0
-0.5439875 -1.0
-0.36648148 1.0
-0.47014248 -1.0
-0.5008251 1.0
-0.56194973 -1.0
-0.20272073 1.0
-0.45722988 -1.0
0.1758223 1.0
-0.53897434 -1.0
-0.33356503 1.0
-0.47871664 -1.0
-0.589731 1.0
-0.56194973 -1.0
0.2636529 1.0
-0.56194973 -1.0
0.62059486 1.0
-0.56194973 -1.0
0.1876328 1.0
-0.56194973 -1.0
0.19772181 1.0
-0.56194973 -1.0
0.7904039 1.0
-0.56194973 -1.0
0.9376225 1.0
-0.56194973 -1.0
0.84567875 1.0
-0.56194973 -1.0
0.53661555 1.0
-0.56194973 -1.0
0.8621247 1.0
-0.56194973 -1.0
0.92587095 1.0
-0.56194973 -1.0
0.7993505 1.0
-0.56194973 -1.0
0.8382524 1.0
-0.56194973 -1.0
0.8627994 1.0
-0.56194973 -1.0
0.9442037 1.0
-0.56194973 -1.0
0.85180205 1.0
-0.56194973 -1.0
0.8048572 1.0
-0.56194973 -1.0
0.7180304 1.0
-0.56194973 -1.0
0.9010933 1.0
-0.56194973 -1.0
0.6775065 1.0
-0.56194973 -1.0
0.74170285 1.0
-0.56194973 -1.0
0.6138753 1.0
-0.56194973 -1.0
0.8416204 1.0
-0.56194973 -1.0
0.5693524 1.0
-0.56194973 -1.0
0.48792708 1.0
-0.56194973 -1.0
0.33886248 1.0
-0.56194973 -1.0
0.73590046 1.0
-0.56194973 -1.0
0.2381497 1.0
-0.56194973 -1.0
0.27582964 1.0
-0.56194973 -1.0
0.3568658 1.0
-0.56194973 -1.0
0.6944174 1.0
-0.56194973 -1.0
0.26192045 1.0
-0.56194973 -1.0
0.15853912 1.0
-0.44381848 -1.0
-0.27001226 1.0
-0.4774046 -1.0
-0.3269226 1.0
-0.27259767 -1.0
-0.05708715 1.0
-0.47306243 -1.0
-0.260732 1.0
-0.55644053 -1.0
-0.4109657 1.0
-0.41438887 -1.0
-0.26035744 1.0
-0.42288366 -1.0
-0.1665032 1.0
-0.43052754 -1.0
-0.21530381 1.0
-0.6211152 -1.0
-0.43479067 1.0
0.34413508 -1.0
-0.57363045 1.0
0.10605587 -1.0
-0.46142092 1.0
-0.24863692 -1.0
-0.30572698 1.0
-0.13304758 -1.0
-0.696219 1.0
-0.13260475 -1.0
-0.21040131 1.0
-0.36285922 -1.0
-0.25141984 1.0
0.696249 -1.0
-0.74023366 1.0
0.81493634 -1.0
-0.76934236 1.0
0.7548397 -1.0
-0.73181134 1.0
-0.41241688 -1.0
0.4363399 1.0
-0.04141535 -1.0
-0.13180292 1.0
0.05938822 -1.0
-0.2945232 1.0
-0.14996234 -1.0
0.019635238 1.0
-0.56194973 -1.0
0.16523457 1.0
-0.38345927 -1.0
-0.017928466 1.0
-0.56194973 -1.0
0.14431897 1.0
-0.3771697 -1.0
-0.011279699 1.0
-0.56194973 -1.0
0.20807433 1.0
-0.56194973 -1.0
0.11725874 1.0
-0.56194973 -1.0
0.42093816 1.0
-0.56194973 -1.0
0.30877876 1.0
-0.56194973 -1.0
0.5304202 1.0
-0.56194973 -1.0
0.4643083 1.0
-0.56194973 -1.0
0.20283203 1.0
-0.56194973 -1.0
0.3889951 1.0
-0.56194973 -1.0
0.4262398 1.0
-0.56194973 -1.0
0.4803433 1.0
-0.56194973 -1.0
0.46533293 1.0
-0.56194973 -1.0
0.52230287 1.0
-0.56194973 -1.0
0.5057239 1.0
-0.48321843 -1.0
0.44195223 1.0
-0.56194973 -1.0
0.5244357 1.0
-0.56194973 -1.0
0.8012096 1.0
-0.56194973 -1.0
0.7147081 1.0
-0.56194973 -1.0
0.29251274 1.0
-0.56194973 -1.0
0.33325 1.0
-0.56194973 -1.0
0.39676788 1.0
-0.56194973 -1.0
0.34516037 1.0
-0.56194973 -1.0
0.08975255 1.0
-0.56194973 -1.0
0.032208383 1.0
-0.56194973 -1.0
0.274105 1.0
-0.56194973 -1.0
0.54287124 1.0
-0.56194973 -1.0
0.61325336 1.0
-0.56194973 -1.0
0.48215106 1.0
-0.56194973 -1.0
0.48360935 1.0
-0.56194973 -1.0
0.7360104 1.0
-0.56194973 -1.0
0.7678547 1.0
-0.56194973 -1.0
0.72117287 1.0
-0.56194973 -1.0
0.72424495 1.0
-0.56194973 -1.0
0.9091159 1.0
-0.56194973 -1.0
0.933188 1.0
-0.56194973 -1.0
0.8876546 1.0
-0.56194973 -1.0
0.8955568 1.0
-0.56194973 -1.0
0.83476007 1.0
-0.56194973 -1.0
0.8852085 1.0
-0.56194973 -1.0
0.8112515 1.0
-0.56194973 -1.0
0.8166352 1.0
-0.56194973 -1.0
0.76235366 1.0
-0.56194973 -1.0
0.7801502 1.0
-0.56194973 -1.0
0.6921679 1.0
-0.56194973 -1.0
0.7134847 1.0
-0.56194973 -1.0
0.59303623 1.0
-0.56194973 -1.0
0.6738967 1.0
-0.56194973 -1.0
0.5577611 1.0
-0.56194973 -1.0
0.562367 1.0
-0.56194973 -1.0
0.44804713 1.0
-0.56194973 -1.0
0.5416225 1.0
-0.56194973 -1.0
0.23480098 1.0
-0.56194973 -1.0
0.27876496 1.0
-0.56194973 -1.0
-0.40315735 1.0
-0.56194973 -1.0
0.10685583 1.0
-0.56194973 -1.0
-0.1153148 1.0
-0.56194973 -1.0
-0.016935399 1.0
-0.56194973 -1.0
0.34849972 1.0
-0.56194973 -1.0
0.5435327 1.0
-0.56194973 -1.0
0.31845707 1.0
-0.56194973 -1.0
0.36870822 1.0
-0.56194973 -1.0
0.21551381 1.0
-0.56194973 -1.0
0.324943 1.0
-0.56194973 -1.0
0.12647282 1.0
-0.56194973 -1.0
0.1357054 1.0
-0.56194973 -1.0
0.10886382 1.0
-0.56194973 -1.0
0.1801872 1.0
-0.56194973 -1.0
0.06834705 1.0
-0.56194973 -1.0
0.046711873 1.0
-0.56194973 -1.0
-0.10558172 1.0
-0.56194973 -1.0
0.028920745 1.0
-0.56194973 -1.0
-0.075343065 1.0
-0.56194973 -1.0
-0.090624206 1.0
-0.56194973 -1.0
-0.14545216 1.0
-0.56194973 -1.0
-0.08407711 1.0
-0.56194973 -1.0
-0.20514756 1.0
-0.56194973 -1.0
-0.22267143 1.0
-0.56194973 -1.0
-0.29197976 1.0
-0.56194973 -1.0
-0.16271798 1.0
-0.56194973 -1.0
-0.32104775 1.0
-0.56194973 -1.0
-0.30712265 1.0
-0.56194973 -1.0
-0.40270826 1.0
-0.56194973 -1.0
-0.27420765 1.0
-0.56194973 -1.0
-0.38098297 1.0
-0.56194973 -1.0
-0.3964793 1.0
-0.56194973 -1.0
-0.42141914 1.0
-0.56194973 -1.0
-0.2853008 1.0
-0.56194973 -1.0
-0.42559624 1.0
-0.56194973 -1.0
-0.5243835 1.0
-0.56194973 -1.0
-0.56194973 1.0
-0.56194973 -1.0
-0.43618134 1.0
-0.56194973 -1.0
-0.56194973 1.0
-0.39872578 -1.0
-0.56194973 1.0
-0.022872033 -1.0
-0.56194973 1.0
0.11236313 -1.0
-0.56194973 1.0
-0.06698694 -1.0
-0.56194973 1.0
0.042402096 -1.0
-0.56194973 1.0
0.40710616 -1.0
-0.56194973 1.0
0.48514846 -1.0
-0.56194973 1.0
0.35237363 -1.0
-0.56194973 1.0
0.4200176 -1.0
-0.56194973 1.0
0.48531988 -1.0
-0.56194973 1.0
0.49793872 -1.0
-0.56194973 1.0
0.33662403 -1.0
-0.56194973 1.0
0.6483653 -1.0
-0.56194973 1.0
0.534075 -1.0
-0.56194973 1.0
0.7043651 -1.0
-0.56194973 1.0
0.502874 -1.0
-0.56194973 1.0
0.54260343 -1.0
-0.56194973 1.0
0.5051093 -1.0
-0.56194973 1.0
0.5562308 -1.0
-0.56194973 1.0
0.6102478 -1.0
-0.56194973 1.0
0.69044733 -1.0
-0.56194973 1.0
0.5859679 -1.0
-0.56194973 1.0
0.72371846 -1.0
-0.56194973 1.0
0.5299018 -1.0
-0.56194973 1.0
0.6282659 -1.0
-0.56194973 1.0
0.7957019 -1.0
-0.56194973 1.0
0.8198149 -1.0
-0.56194973 1.0
0.7602536 -1.0
-0.56194973 1.0
0.863214 -1.0
-0.56194973 1.0
0.8196815 -1.0
-0.56194973 1.0
0.8751211 -1.0
-0.56194973 1.0
0.76838565 -1.0
-0.56194973 1.0
0.8007371 -1.0
-0.56194973 1.0
0.90883696 -1.0
-0.56194973 1.0
0.9215931 -1.0
-0.56194973 1.0
0.88578445 -1.0
-0.56194973 1.0
0.873595 -1.0
-0.56194973 1.0
0.8432936 -1.0
-0.56194973 1.0
0.8621461 -1.0
-0.56194973 1.0
0.798007 -1.0
-0.56194973 1.0
0.78940296 -1.0
-0.56194973 1.0
0.7272121 -1.0
-0.56194973 1.0
0.78469384 -1.0
-0.56194973 1.0
0.69514585 -1.0
-0.56194973 1.0
0.67305493 -1.0
-0.56194973 1.0
0.63897806 -1.0
-0.56194973 1.0
0.69560164 -1.0
-0.56194973 1.0
0.59418327 -1.0
-0.56194973 1.0
0.5732558 -1.0
-0.56194973 1.0
0.4849109 -1.0
-0.56194973 1.0
0.60149163 -1.0
-0.56194973 1.0
0.4524467 -1.0
-0.56194973 1.0
0.49057633 -1.0
-0.56194973 1.0
0.3200026 -1.0
-0.56194973 1.0
0.45057097 -1.0
-0.56194973 1.0
0.2934913 -1.0
-0.56194973 1.0
0.29486674 -1.0
-0.56194973 1.0
0.20359032 -1.0
-0.56194973 1.0
0.32121012 -1.0
-0.56194973 1.0
0.12776504 -1.0
-0.56194973 1.0
0.16057605 -1.0
-0.56194973 1.0
0.37237975 -1.0
-0.56194973 1.0
0.5053051 -1.0
-0.56194973 1.0
0.33977282 -1.0
-0.56194973 1.0
0.3933298 -1.0
-0.56194973 1.0
0.6739141 -1.0
-0.56194973 1.0
0.72550905 -1.0
-0.56194973 1.0
0.7700369 -1.0
-0.56194973 1.0
0.7684106 -1.0
-0.56194973 1.0
0.8947217 -1.0
-0.56194973 1.0
0.90080696 -1.0
-0.56194973 1.0
0.8673024 -1.0
-0.56194973 1.0
0.85322356 -1.0
-0.56194973 1.0
0.8150492 -1.0
-0.56194973 1.0
0.84564996 -1.0
-0.56194973 1.0
0.7656701 -1.0
-0.56194973 1.0
0.7807895 -1.0
-0.56194973 1.0
0.7020696 -1.0
-0.56194973 1.0
0.7555188 -1.0
-0.56194973 1.0
0.6693854 -1.0
-0.56194973 1.0
0.664112 -1.0
-0.56194973 1.0
0.59905696 -1.0
-0.56194973 1.0
0.6875118 -1.0
-0.56194973 1.0
0.43964827 -1.0
-0.56194973 1.0
0.4870359 -1.0
-0.56194973 1.0
-0.1300873 -1.0
-0.56194973 1.0
0.013332468 -1.0
-0.56194973 1.0
-0.13886943 -1.0
-0.56194973 1.0
-0.2931575 -1.0
-0.56194973 1.0
-0.26562667 -1.0
-0.56194973 1.0
-0.25195092 -1.0
-0.44171378 1.0
-0.32408693 -1.0
-0.56194973 1.0
-0.29410857 -1.0
-0.5062962 1.0
-0.56194973 -1.0
-0.07788095 1.0
-0.56194973 -1.0
0.05850023 1.0
-0.56194973 -1.0
-0.14927599 1.0
-0.56194973 -1.0
-0.023850506 1.0
-0.56194973 -1.0
-0.19539595 1.0
-0.56194973 -1.0
-0.074871056 1.0
-0.56194973 -1.0
-0.21944389 1.0
-0.56194973 -1.0
0.18676263 1.0
-0.56194973 -1.0
0.02675669 1.0
-0.56194973 -1.0
0.25873822 1.0
-0.56194973 -1.0
-0.009112522 1.0
-0.56194973 -1.0
0.41089886 1.0
-0.56194973 -1.0
0.6990266 1.0
-0.56194973 -1.0
0.7767422 1.0
-0.56194973 -1.0
0.6487117 1.0
-0.56194973 -1.0
0.7028979 1.0
-0.56194973 -1.0
0.85591334 1.0
-0.56194973 -1.0
0.8779942 1.0
-0.56194973 -1.0
0.81380683 1.0
-0.56194973 -1.0
0.7628047 1.0
-0.56194973 -1.0
0.7064694 1.0
-0.56194973 -1.0
0.7701155 1.0
-0.56194973 -1.0
0.6738272 1.0
-0.56194973 -1.0
0.61392444 1.0
-0.50972307 -1.0
0.07274539 1.0
-0.3440913 -1.0
0.20849796 1.0
-0.52833295 -1.0
0.09118235 1.0
-0.07262314 -1.0
-0.047082808 1.0
0.2629851 -1.0
-0.54279476 1.0
0.46852872 -1.0
-0.4754294 1.0
0.26820058 -1.0
-0.53954315 1.0
0.1398137 -1.0
-0.23814899 1.0
0.053880963 -1.0
-0.28720307 1.0
0.21126018 -1.0
-0.18868458 1.0
0.051495377 -1.0
-0.33907685 1.0
0.093547784 -1.0
-0.26460963 1.0
-0.043219026 -1.0
-0.35166794 1.0
-0.1021041 -1.0
0.14677575 1.0
-0.17994905 -1.0
-0.08766051 1.0
-0.24824847 -1.0
0.34155914 1.0
-0.56194973 -1.0
0.63214403 1.0
-0.56194973 -1.0
0.7364454 1.0
-0.56194973 -1.0
0.6188882 1.0
-0.56194973 -1.0
0.80150414 1.0
-0.56194973 -1.0
0.9053669 1.0
-0.56194973 -1.0
0.9245842 1.0
-0.56194973 -1.0
0.8761921 1.0
-0.56194973 -1.0
0.9426291 1.0
-0.56194973 -1.0
0.9733857 1.0
-0.56194973 -1.0
0.97965986 1.0
-0.56194973 -1.0
0.9651416 1.0
-0.56194973 -1.0
0.96554154 1.0
-0.56194973 -1.0
0.9841598 1.0
-0.56194973 -1.0
0.984962 1.0
-0.56194973 -1.0
0.9781541 1.0
-0.56194973 -1.0
0.97545856 1.0
-0.56194973 -1.0
0.9664571 1.0
-0.56194973 -1.0
0.97221965 1.0
-0.56194973 -1.0
0.95355314 1.0
-0.56194973 -1.0
0.9539603 1.0
-0.56194973 -1.0
0.93234164 1.0
-0.56194973 -1.0
0.94895947 1.0
-0.56194973 -1.0
0.92561054 1.0
-0.56194973 -1.0
0.9590712 1.0
-0.56194973 -1.0
0.9396889 1.0
-0.56194973 -1.0
0.9551181 1.0
-0.56194973 -1.0
0.92953163 1.0
-0.56194973 -1.0
0.9681545 1.0
